02/25/2022,08:19,146.15,146.15,146.15,146.15,151.07,151.07,151.07,151.07
02/25/2022,09:30,149.36,149.4,149.15,149.37,149.37,149.49,149.35,149.47
02/25/2022,09:31,149.42,149.45,149.39,149.42,149.49,149.55,149.4,149.52
02/25/2022,09:32,149.55,149.72,149.55,149.7,149.65,149.75,149.65,149.73
02/25/2022,09:33,149.71,149.96,149.71,149.96,149.71,150.07,149.71,150.07
02/25/2022,09:34,150.0,150.17,150.0,150.14,150.06,150.23,150.06,150.23
02/25/2022,09:35,150.15,150.15,150.11,150.11,150.19,150.19,150.17,150.17
02/25/2022,09:36,150.24,150.24,150.21,150.21,150.31,150.33,150.31,150.33
02/25/2022,09:37,150.31,150.31,150.24,150.26,150.41,150.41,150.31,150.32
02/25/2022,09:38,150.27,150.43,150.27,150.4,150.35,150.52,150.35,150.47
02/25/2022,09:39,150.38,150.38,150.3,150.36,150.45,150.48,150.42,150.48
02/25/2022,09:40,150.35,150.39,150.3,150.35,150.44,150.48,150.39,150.47
02/25/2022,09:41,150.4,150.46,150.4,150.43,150.49,150.59,150.49,150.53
02/25/2022,09:42,150.45,150.45,150.28,150.28,150.51,150.51,150.35,150.35
02/25/2022,09:43,150.21,150.21,149.97,150.03,150.32,150.32,150.06,150.12
02/25/2022,09:44,150.06,150.08,150.02,150.02,150.11,150.11,150.08,150.08
02/25/2022,09:45,150.02,150.02,150.02,150.02,150.15,150.15,150.15,150.15
02/25/2022,09:46,150.17,150.17,150.15,150.15,150.28,150.28,150.21,150.21
02/25/2022,09:47,150.28,150.28,150.28,150.28,150.39,150.39,150.39,150.39
02/25/2022,09:48,150.15,150.15,149.97,149.97,150.26,150.26,150.04,150.06
02/25/2022,09:49,149.99,150.1,149.99,150.08,150.07,150.18,150.07,150.18
02/25/2022,09:50,150.11,150.15,150.02,150.02,150.22,150.22,150.1,150.11
02/25/2022,09:51,150.03,150.06,149.99,149.99,150.08,150.15,150.08,150.09
02/25/2022,09:52,150.02,150.03,149.98,149.98,150.12,150.12,150.09,150.09
02/25/2022,09:53,149.98,149.99,149.86,149.87,150.03,150.04,149.91,149.96
02/25/2022,09:54,149.82,149.86,149.79,149.79,149.92,149.92,149.87,149.88
02/25/2022,09:55,149.87,149.87,149.82,149.85,149.94,149.94,149.9,149.94
02/25/2022,09:56,149.88,149.96,149.79,149.79,149.95,150.02,149.9,149.9
02/25/2022,09:57,149.66,149.66,149.61,149.66,149.76,149.76,149.67,149.76
02/25/2022,09:58,149.7,149.8,149.7,149.73,149.8,149.87,149.8,149.81
02/25/2022,09:59,149.6,149.6,149.6,149.6,149.72,149.72,149.72,149.72
02/25/2022,10:00,149.5,149.5,149.48,149.48,149.55,149.55,149.55,149.55
02/25/2022,10:01,149.51,149.63,149.51,149.53,149.59,149.72,149.59,149.62
02/25/2022,10:02,149.53,149.54,149.49,149.51,149.62,149.62,149.57,149.61
02/25/2022,10:03,149.59,149.7,149.59,149.68,149.64,149.77,149.64,149.77
02/25/2022,10:04,149.79,149.86,149.66,149.66,149.87,149.92,149.75,149.75
02/25/2022,10:05,149.66,149.77,149.66,149.75,149.72,149.83,149.72,149.83
02/25/2022,10:06,149.86,149.99,149.86,149.99,149.95,150.08,149.95,150.08
02/25/2022,10:07,149.96,150.03,149.93,149.93,150.06,150.1,149.97,150.0
02/25/2022,10:08,150.01,150.21,150.01,150.21,150.04,150.28,150.04,150.28
02/25/2022,10:09,150.19,150.19,150.11,150.16,150.27,150.27,150.19,150.25
02/25/2022,10:10,150.12,150.16,150.12,150.16,150.16,150.22,150.16,150.22
02/25/2022,10:11,150.23,150.23,150.23,150.23,150.28,150.28,150.28,150.28
02/25/2022,10:12,150.12,150.13,150.03,150.05,150.21,150.21,150.07,150.1
02/25/2022,10:13,150.09,150.1,149.96,150.07,150.15,150.17,150.05,150.16
02/25/2022,10:15,150.14,150.14,150.05,150.05,150.17,150.19,150.08,150.12
02/25/2022,10:16,150.04,150.04,149.93,149.93,150.09,150.09,150.01,150.01
02/25/2022,10:17,150.05,150.05,150.05,150.05,150.14,150.14,150.14,150.14
02/25/2022,10:19,150.33,150.36,150.33,150.36,150.39,150.42,150.39,150.42
02/25/2022,10:20,150.45,150.45,150.36,150.41,150.51,150.51,150.41,150.44
02/25/2022,10:21,150.41,150.41,150.32,150.35,150.43,150.43,150.39,150.42
02/25/2022,10:22,150.32,150.35,150.14,150.35,150.37,150.37,150.23,150.37
02/25/2022,10:23,150.27,150.51,150.27,150.41,150.32,150.54,150.32,150.5
02/25/2022,10:24,150.39,150.39,150.39,150.39,150.48,150.48,150.48,150.48
02/25/2022,10:25,150.39,150.58,150.36,150.58,150.42,150.63,150.42,150.63
02/25/2022,10:26,150.56,150.57,150.56,150.57,150.63,150.64,150.63,150.64
02/25/2022,10:27,150.56,150.56,150.53,150.53,150.62,150.62,150.57,150.57
02/25/2022,10:28,150.59,150.59,150.59,150.59,150.66,150.66,150.66,150.66
02/25/2022,10:29,150.68,150.72,150.61,150.69,150.69,150.78,150.68,150.78
02/25/2022,10:30,150.7,150.7,150.63,150.63,150.73,150.77,150.67,150.67
02/25/2022,10:31,150.63,150.68,150.63,150.63,150.69,150.72,150.68,150.69
02/25/2022,10:32,150.61,150.61,150.58,150.58,150.66,150.66,150.63,150.63
02/25/2022,10:33,150.54,150.55,150.54,150.55,150.58,150.58,150.56,150.56
02/25/2022,10:34,150.56,150.56,150.54,150.56,150.62,150.62,150.6,150.62
02/25/2022,10:35,150.54,150.54,150.54,150.54,150.58,150.58,150.58,150.58
02/25/2022,10:36,150.45,150.46,150.45,150.46,150.49,150.49,150.47,150.49
02/25/2022,10:37,150.4,150.43,150.34,150.43,150.45,150.49,150.38,150.49
02/25/2022,10:38,150.35,150.39,150.35,150.39,150.39,150.42,150.39,150.42
02/25/2022,10:39,150.46,150.54,150.46,150.54,150.5,150.58,150.5,150.58
02/25/2022,10:40,150.57,150.72,150.57,150.71,150.6,150.76,150.6,150.75
02/25/2022,10:41,150.78,150.82,150.78,150.78,150.84,150.88,150.83,150.83
02/25/2022,10:42,150.73,150.73,150.69,150.69,150.79,150.79,150.76,150.76
02/25/2022,10:43,150.7,150.7,150.7,150.7,150.74,150.77,150.74,150.75
02/25/2022,10:44,150.7,150.76,150.7,150.75,150.76,150.8,150.76,150.8
02/25/2022,10:45,150.8,150.8,150.75,150.75,150.85,150.85,150.77,150.78
02/25/2022,10:46,150.75,150.87,150.75,150.87,150.79,150.92,150.79,150.92
02/25/2022,10:47,150.88,150.96,150.86,150.96,150.89,150.99,150.87,150.99
02/25/2022,10:48,150.98,150.99,150.95,150.96,151.01,151.02,150.98,150.98
02/25/2022,10:49,150.96,151.02,150.96,151.02,151.0,151.06,151.0,151.06
02/25/2022,10:50,150.93,150.99,150.93,150.97,150.97,151.02,150.97,151.02
02/25/2022,10:52,151.01,151.08,151.01,151.08,151.03,151.11,151.03,151.11
02/25/2022,10:53,151.11,151.11,151.1,151.11,151.13,151.13,151.12,151.12
02/25/2022,10:54,151.14,151.14,151.14,151.14,151.16,151.16,151.16,151.16
02/25/2022,10:55,151.08,151.22,151.08,151.22,151.11,151.25,151.11,151.25
02/25/2022,10:56,151.17,151.17,151.13,151.16,151.21,151.21,151.16,151.19
02/25/2022,10:57,151.14,151.25,151.14,151.24,151.16,151.3,151.16,151.28
02/25/2022,10:58,151.16,151.18,151.16,151.18,151.2,151.22,151.2,151.22
02/25/2022,10:59,151.17,151.17,150.9,151.03,151.2,151.2,150.94,151.08
02/25/2022,11:00,151.06,151.06,150.86,150.88,151.16,151.16,150.91,150.95
02/25/2022,11:01,150.99,151.11,150.99,151.11,151.04,151.14,151.04,151.14
02/25/2022,11:02,151.15,151.24,151.12,151.24,151.19,151.29,151.16,151.29
02/25/2022,11:03,151.34,151.34,151.34,151.34,151.38,151.38,151.38,151.38
02/25/2022,11:04,151.35,151.41,151.33,151.41,151.4,151.45,151.36,151.45
02/25/2022,11:05,151.37,151.37,151.33,151.36,151.42,151.42,151.38,151.39
02/25/2022,11:06,151.35,151.35,151.35,151.35,151.39,151.39,151.39,151.39
02/25/2022,11:07,151.32,151.35,151.25,151.26,151.36,151.37,151.28,151.32
02/25/2022,11:08,151.32,151.39,151.32,151.39,151.36,151.42,151.36,151.42
02/25/2022,11:09,151.39,151.39,151.38,151.38,151.42,151.42,151.42,151.42
02/25/2022,11:10,151.37,151.4,151.37,151.4,151.44,151.44,151.42,151.43
02/25/2022,11:11,151.46,151.56,151.46,151.55,151.49,151.59,151.49,151.59
02/25/2022,11:12,151.52,151.52,151.5,151.5,151.56,151.56,151.53,151.53
02/25/2022,11:13,151.55,151.65,151.55,151.64,151.59,151.68,151.59,151.67
02/25/2022,11:14,151.69,151.71,151.66,151.66,151.73,151.74,151.7,151.7
02/25/2022,11:15,151.66,151.68,151.66,151.68,151.7,151.7,151.69,151.69
02/25/2022,11:16,151.69,151.69,151.69,151.69,151.72,151.72,151.72,151.72
02/25/2022,11:17,151.63,151.64,151.59,151.61,151.67,151.68,151.64,151.65
02/25/2022,11:18,151.58,151.58,151.58,151.58,151.6,151.62,151.6,151.62
02/25/2022,11:19,151.63,151.66,151.63,151.66,151.66,151.7,151.66,151.7
02/25/2022,11:20,151.7,151.7,151.64,151.64,151.76,151.76,151.67,151.67
02/25/2022,11:21,151.74,151.74,151.72,151.72,151.75,151.75,151.75,151.75
02/25/2022,11:22,151.79,151.86,151.79,151.86,151.83,151.9,151.83,151.9
02/25/2022,11:23,151.83,151.83,151.78,151.8,151.87,151.87,151.82,151.85
02/25/2022,11:24,151.82,151.83,151.82,151.82,151.87,151.88,151.85,151.85
02/25/2022,11:25,151.83,151.83,151.83,151.83,151.87,151.87,151.87,151.87
02/25/2022,11:26,151.8,151.8,151.79,151.79,151.84,151.84,151.84,151.84
02/25/2022,11:27,151.73,151.73,151.64,151.64,151.76,151.76,151.68,151.68
02/25/2022,11:28,151.67,151.71,151.67,151.69,151.7,151.75,151.7,151.72
02/25/2022,11:29,151.73,151.73,151.71,151.71,151.77,151.77,151.74,151.74
02/25/2022,11:30,151.71,151.71,151.61,151.61,151.74,151.74,151.67,151.67
02/25/2022,11:31,151.66,151.66,151.63,151.63,151.69,151.7,151.67,151.67
02/25/2022,11:32,151.62,151.62,151.62,151.62,151.66,151.66,151.66,151.66
02/25/2022,11:33,151.69,151.79,151.69,151.79,151.73,151.82,151.71,151.82
02/25/2022,11:34,151.77,151.79,151.74,151.76,151.8,151.82,151.78,151.79
02/25/2022,11:35,151.71,151.71,151.71,151.71,151.75,151.75,151.75,151.75
02/25/2022,11:36,151.67,151.67,151.56,151.58,151.71,151.71,151.61,151.62
02/25/2022,11:37,151.56,151.59,151.56,151.56,151.61,151.63,151.6,151.6
02/25/2022,11:38,151.58,151.6,151.58,151.6,151.62,151.64,151.62,151.64
02/25/2022,11:39,151.65,151.67,151.62,151.65,151.67,151.69,151.64,151.69
02/25/2022,11:40,151.67,151.68,151.55,151.56,151.7,151.72,151.59,151.59
02/25/2022,11:41,151.66,151.74,151.66,151.68,151.69,151.78,151.69,151.71
02/25/2022,11:42,151.7,151.71,151.65,151.71,151.74,151.75,151.69,151.75
02/25/2022,11:43,151.69,151.69,151.65,151.68,151.73,151.73,151.69,151.72
02/25/2022,11:44,151.64,151.64,151.64,151.64,151.68,151.68,151.68,151.68
02/25/2022,11:46,151.72,151.72,151.68,151.68,151.75,151.75,151.7,151.7
02/25/2022,11:47,151.69,151.69,151.69,151.69,151.72,151.73,151.72,151.73
02/25/2022,11:48,151.68,151.74,151.65,151.69,151.71,151.77,151.69,151.73
02/25/2022,11:49,151.79,151.79,151.78,151.78,151.83,151.83,151.8,151.8
02/25/2022,11:50,151.82,151.82,151.82,151.82,151.83,151.83,151.83,151.83
02/25/2022,11:51,151.85,151.89,151.81,151.81,151.89,151.92,151.83,151.84
02/25/2022,11:52,151.84,151.84,151.82,151.82,151.88,151.88,151.85,151.85
02/25/2022,11:54,151.91,151.92,151.91,151.92,151.94,151.95,151.94,151.95
02/25/2022,11:55,152.01,152.11,152.01,152.11,152.04,152.15,152.04,152.15
02/25/2022,11:56,152.11,152.15,152.11,152.15,152.14,152.18,152.14,152.18
02/25/2022,11:57,152.12,152.13,152.08,152.13,152.14,152.16,152.11,152.16
02/25/2022,11:58,152.14,152.18,152.12,152.18,152.17,152.19,152.15,152.19
02/25/2022,11:59,152.25,152.25,152.22,152.22,152.28,152.28,152.24,152.26
02/25/2022,12:00,152.19,152.19,152.17,152.17,152.21,152.21,152.2,152.2
02/25/2022,12:01,152.16,152.18,152.16,152.18,152.18,152.22,152.18,152.22
02/25/2022,12:02,152.22,152.29,152.22,152.29,152.24,152.32,152.24,152.32
02/25/2022,12:03,152.26,152.26,152.26,152.26,152.27,152.27,152.27,152.27
02/25/2022,12:04,152.25,152.25,152.13,152.13,152.27,152.27,152.17,152.17
02/25/2022,12:05,152.12,152.12,152.12,152.12,152.15,152.15,152.14,152.14
02/25/2022,12:06,152.1,152.11,152.08,152.08,152.13,152.15,152.09,152.09
02/25/2022,12:07,152.06,152.1,152.06,152.09,152.09,152.12,152.09,152.1
02/25/2022,12:08,152.08,152.08,152.05,152.05,152.1,152.1,152.09,152.09
02/25/2022,12:09,152.07,152.07,152.0,152.0,152.1,152.1,152.03,152.03
02/25/2022,12:10,152.04,152.04,152.04,152.04,152.06,152.06,152.06,152.06
02/25/2022,12:11,152.06,152.06,152.06,152.06,152.1,152.1,152.1,152.1
02/25/2022,12:12,152.14,152.14,152.11,152.11,152.18,152.18,152.14,152.14
02/25/2022,12:13,152.1,152.1,152.06,152.06,152.14,152.14,152.06,152.06
02/25/2022,12:15,152.0,152.0,152.0,152.0,152.03,152.03,152.03,152.03
02/25/2022,12:16,152.07,152.07,152.07,152.07,152.09,152.09,152.09,152.09
02/25/2022,12:17,152.21,152.21,152.21,152.21,152.24,152.24,152.24,152.24
02/25/2022,12:18,152.21,152.22,152.18,152.18,152.23,152.25,152.21,152.22
02/25/2022,12:20,152.22,152.22,152.22,152.22,152.25,152.25,152.25,152.25
02/25/2022,12:21,152.12,152.13,152.11,152.11,152.14,152.16,152.14,152.14
02/25/2022,12:22,152.18,152.22,152.18,152.18,152.21,152.24,152.21,152.21
02/25/2022,12:24,152.19,152.21,152.16,152.21,152.21,152.24,152.19,152.24
02/25/2022,12:25,152.21,152.21,152.21,152.21,152.23,152.23,152.23,152.23
02/25/2022,12:26,152.28,152.31,152.28,152.31,152.32,152.33,152.32,152.33
02/25/2022,12:27,152.33,152.33,152.32,152.32,152.36,152.36,152.36,152.36
02/25/2022,12:28,152.35,152.35,152.35,152.35,152.38,152.38,152.38,152.38
02/25/2022,12:29,152.35,152.38,152.35,152.38,152.38,152.42,152.38,152.42
02/25/2022,12:30,152.39,152.46,152.39,152.46,152.4,152.47,152.4,152.47
02/25/2022,12:31,152.44,152.46,152.42,152.44,152.45,152.47,152.44,152.47
02/25/2022,12:32,152.43,152.44,152.43,152.44,152.45,152.47,152.45,152.47
02/25/2022,12:33,152.45,152.53,152.45,152.53,152.48,152.56,152.48,152.56
02/25/2022,12:34,152.51,152.51,152.51,152.51,152.54,152.54,152.54,152.54
02/25/2022,12:35,152.52,152.52,152.51,152.51,152.55,152.55,152.54,152.54
02/25/2022,12:36,152.54,152.54,152.54,152.54,152.57,152.57,152.57,152.57
02/25/2022,12:37,152.48,152.48,152.4,152.42,152.51,152.51,152.44,152.46
02/25/2022,12:39,152.43,152.48,152.43,152.48,152.45,152.5,152.45,152.5
02/25/2022,12:41,152.58,152.59,152.56,152.56,152.61,152.61,152.57,152.58
02/25/2022,12:42,152.53,152.53,152.53,152.53,152.56,152.56,152.56,152.56
02/25/2022,12:43,152.5,152.5,152.5,152.5,152.52,152.52,152.52,152.52
02/25/2022,12:47,152.57,152.6,152.56,152.6,152.58,152.62,152.58,152.62
02/25/2022,12:48,152.59,152.62,152.59,152.62,152.61,152.64,152.61,152.64
02/25/2022,12:49,152.6,152.6,152.55,152.57,152.61,152.61,152.58,152.59
02/25/2022,12:50,152.56,152.56,152.51,152.54,152.58,152.58,152.52,152.56
02/25/2022,12:51,152.52,152.52,152.52,152.52,152.53,152.53,152.53,152.53
02/25/2022,12:52,152.51,152.51,152.49,152.5,152.54,152.54,152.52,152.52
02/25/2022,12:53,152.53,152.53,152.53,152.53,152.55,152.55,152.55,152.55
02/25/2022,12:54,152.54,152.54,152.45,152.45,152.56,152.56,152.47,152.47
02/25/2022,12:55,152.47,152.47,152.35,152.35,152.5,152.5,152.38,152.38
02/25/2022,12:56,152.41,152.41,152.31,152.33,152.42,152.42,152.33,152.33
02/25/2022,12:57,152.38,152.38,152.33,152.33,152.4,152.4,152.37,152.37
02/25/2022,12:59,152.38,152.43,152.38,152.41,152.4,152.47,152.4,152.42
02/25/2022,13:00,152.4,152.45,152.39,152.43,152.42,152.49,152.42,152.46
02/25/2022,13:01,152.46,152.52,152.46,152.49,152.49,152.52,152.48,152.51
02/25/2022,13:02,152.46,152.46,152.41,152.44,152.47,152.47,152.44,152.45
02/25/2022,13:03,152.43,152.43,152.26,152.35,152.46,152.46,152.28,152.39
02/25/2022,13:04,152.39,152.39,152.38,152.38,152.42,152.42,152.4,152.4
02/25/2022,13:05,152.35,152.37,152.3,152.3,152.37,152.39,152.33,152.33
02/25/2022,13:06,152.24,152.28,152.23,152.28,152.28,152.3,152.26,152.3
02/25/2022,13:07,152.28,152.28,152.28,152.28,152.3,152.3,152.3,152.3
02/25/2022,13:08,152.31,152.31,152.31,152.31,152.33,152.33,152.33,152.33
02/25/2022,13:09,152.26,152.26,152.25,152.25,152.29,152.29,152.29,152.29
02/25/2022,13:10,152.23,152.23,152.17,152.22,152.26,152.26,152.2,152.25
02/25/2022,13:11,152.15,152.15,152.1,152.1,152.18,152.18,152.13,152.13
02/25/2022,13:12,152.09,152.17,152.09,152.17,152.11,152.21,152.11,152.21
02/25/2022,13:13,152.22,152.29,152.22,152.29,152.25,152.32,152.25,152.32
02/25/2022,13:14,152.28,152.29,152.28,152.28,152.29,152.3,152.29,152.29
02/25/2022,13:15,152.29,152.29,152.28,152.29,152.32,152.32,152.31,152.31
02/25/2022,13:16,152.27,152.31,152.27,152.31,152.29,152.33,152.29,152.33
02/25/2022,13:17,152.22,152.28,152.22,152.28,152.25,152.29,152.24,152.29
02/25/2022,13:18,152.29,152.38,152.29,152.38,152.32,152.41,152.32,152.41
02/25/2022,13:19,152.39,152.51,152.39,152.49,152.43,152.54,152.43,152.52
02/25/2022,13:20,152.48,152.48,152.46,152.46,152.49,152.49,152.49,152.49
02/25/2022,13:21,152.35,152.43,152.35,152.43,152.39,152.45,152.39,152.45
02/25/2022,13:22,152.47,152.47,152.45,152.45,152.5,152.5,152.48,152.48
02/25/2022,13:23,152.41,152.41,152.39,152.39,152.44,152.44,152.42,152.42
02/25/2022,13:24,152.39,152.41,152.39,152.41,152.41,152.43,152.41,152.43
02/25/2022,13:25,152.4,152.55,152.4,152.53,152.44,152.55,152.44,152.55
02/25/2022,13:26,152.51,152.66,152.51,152.66,152.53,152.68,152.53,152.68
02/25/2022,13:27,152.58,152.61,152.54,152.56,152.61,152.63,152.57,152.59
02/25/2022,13:28,152.57,152.57,152.55,152.55,152.59,152.59,152.58,152.58
02/25/2022,13:29,152.56,152.59,152.56,152.59,152.59,152.62,152.59,152.62
02/25/2022,13:31,152.59,152.64,152.58,152.64,152.62,152.68,152.6,152.68
02/25/2022,13:32,152.64,152.65,152.63,152.65,152.65,152.68,152.64,152.68
02/25/2022,13:34,152.7,152.7,152.65,152.65,152.71,152.71,152.67,152.67
02/25/2022,13:35,152.6,152.6,152.57,152.57,152.61,152.62,152.6,152.6
02/25/2022,13:36,152.6,152.6,152.5,152.5,152.63,152.63,152.52,152.52
02/25/2022,13:37,152.49,152.49,152.43,152.45,152.51,152.51,152.45,152.47
02/25/2022,13:38,152.47,152.47,152.43,152.47,152.49,152.5,152.44,152.5
02/25/2022,13:39,152.52,152.52,152.52,152.52,152.53,152.53,152.53,152.53
02/25/2022,13:40,152.58,152.64,152.58,152.64,152.61,152.66,152.61,152.66
02/25/2022,13:42,152.7,152.78,152.7,152.74,152.72,152.8,152.72,152.77
02/25/2022,13:43,152.78,152.86,152.78,152.84,152.79,152.87,152.79,152.86
02/25/2022,13:44,152.88,152.88,152.86,152.88,152.9,152.9,152.87,152.89
02/25/2022,13:45,152.88,152.88,152.86,152.88,152.9,152.9,152.88,152.89
02/25/2022,13:46,152.9,152.94,152.9,152.94,152.91,152.97,152.91,152.95
02/25/2022,13:47,152.91,152.93,152.83,152.87,152.93,152.94,152.85,152.88
02/25/2022,13:48,152.87,152.88,152.84,152.84,152.88,152.89,152.87,152.87
02/25/2022,13:49,152.88,152.9,152.87,152.9,152.91,152.91,152.9,152.91
02/25/2022,13:50,152.96,152.96,152.95,152.95,152.97,152.97,152.96,152.96
02/25/2022,13:51,152.94,152.96,152.89,152.93,152.97,152.98,152.9,152.95
02/25/2022,13:52,152.93,152.93,152.92,152.92,152.94,152.96,152.94,152.95
02/25/2022,13:53,152.95,152.95,152.95,152.95,152.97,152.97,152.97,152.97
02/25/2022,13:54,152.9,152.9,152.88,152.88,152.93,152.93,152.9,152.9
02/25/2022,13:55,152.76,152.76,152.55,152.55,152.79,152.79,152.58,152.58
02/25/2022,13:56,152.6,152.6,152.52,152.52,152.62,152.64,152.54,152.54
02/25/2022,13:57,152.65,152.65,152.6,152.6,152.69,152.69,152.61,152.61
02/25/2022,13:58,152.6,152.6,152.58,152.58,152.63,152.63,152.61,152.61
02/25/2022,13:59,152.58,152.59,152.58,152.59,152.59,152.62,152.59,152.62
02/25/2022,14:00,152.59,152.59,152.35,152.53,152.6,152.6,152.39,152.56
02/25/2022,14:01,152.61,152.61,152.6,152.6,152.64,152.64,152.64,152.64
02/25/2022,14:02,152.57,152.67,152.57,152.67,152.61,152.68,152.61,152.68
02/25/2022,14:03,152.64,152.68,152.64,152.68,152.66,152.71,152.66,152.71
02/25/2022,14:04,152.71,152.74,152.71,152.74,152.74,152.77,152.74,152.77
02/25/2022,14:06,152.57,152.62,152.57,152.6,152.6,152.64,152.6,152.62
02/25/2022,14:08,152.55,152.55,152.55,152.55,152.59,152.59,152.59,152.59
02/25/2022,14:09,152.57,152.58,152.57,152.58,152.61,152.61,152.6,152.61
02/25/2022,14:10,152.59,152.59,152.52,152.52,152.63,152.63,152.56,152.56
02/25/2022,14:11,152.54,152.54,152.43,152.43,152.56,152.56,152.46,152.46
02/25/2022,14:12,152.47,152.5,152.46,152.5,152.51,152.53,152.49,152.53
02/25/2022,14:13,152.59,152.59,152.59,152.59,152.62,152.62,152.62,152.62
02/25/2022,14:14,152.54,152.54,152.53,152.53,152.56,152.58,152.56,152.56
02/25/2022,14:16,152.51,152.53,152.51,152.52,152.56,152.56,152.55,152.55
02/25/2022,14:17,152.54,152.54,152.54,152.54,152.56,152.56,152.56,152.56
02/25/2022,14:18,152.55,152.55,152.49,152.5,152.58,152.58,152.52,152.54
02/25/2022,14:19,152.5,152.5,152.48,152.48,152.53,152.53,152.51,152.51
02/25/2022,14:20,152.52,152.61,152.52,152.56,152.56,152.63,152.56,152.6
02/25/2022,14:21,152.58,152.65,152.58,152.65,152.61,152.65,152.61,152.65
02/25/2022,14:22,152.65,152.65,152.65,152.65,152.68,152.68,152.68,152.68
02/25/2022,14:23,152.64,152.72,152.64,152.72,152.66,152.75,152.66,152.75
02/25/2022,14:24,152.71,152.73,152.71,152.73,152.72,152.75,152.72,152.75
02/25/2022,14:25,152.75,152.75,152.72,152.72,152.78,152.78,152.75,152.75
02/25/2022,14:26,152.69,152.69,152.64,152.64,152.71,152.71,152.67,152.67
02/25/2022,14:27,152.7,152.7,152.7,152.7,152.73,152.73,152.73,152.73
02/25/2022,14:28,152.73,152.73,152.73,152.73,152.76,152.76,152.76,152.76
02/25/2022,14:29,152.69,152.7,152.69,152.7,152.73,152.73,152.72,152.72
02/25/2022,14:30,152.71,152.73,152.71,152.73,152.74,152.76,152.74,152.76
02/25/2022,14:31,152.75,152.76,152.62,152.62,152.79,152.8,152.65,152.65
02/25/2022,14:32,152.61,152.61,152.51,152.51,152.63,152.63,152.55,152.55
02/25/2022,14:33,152.5,152.5,152.44,152.44,152.54,152.54,152.47,152.47
02/25/2022,14:34,152.37,152.37,152.34,152.36,152.41,152.41,152.37,152.38
02/25/2022,14:35,152.45,152.51,152.45,152.51,152.48,152.54,152.48,152.54
02/25/2022,14:36,152.54,152.54,152.51,152.51,152.57,152.57,152.52,152.54
02/25/2022,14:37,152.47,152.47,152.47,152.47,152.49,152.49,152.49,152.49
02/25/2022,14:38,152.45,152.45,152.34,152.35,152.48,152.48,152.38,152.39
02/25/2022,14:39,152.37,152.37,152.37,152.37,152.4,152.4,152.4,152.4
02/25/2022,14:41,152.43,152.43,152.38,152.38,152.47,152.47,152.4,152.4
02/25/2022,14:42,152.4,152.4,152.24,152.24,152.42,152.42,152.28,152.28
02/25/2022,14:43,152.29,152.33,152.29,152.33,152.3,152.37,152.3,152.37
02/25/2022,14:44,152.39,152.39,152.39,152.39,152.42,152.42,152.42,152.42
02/25/2022,14:45,152.35,152.36,152.35,152.35,152.38,152.4,152.38,152.39
02/25/2022,14:46,152.36,152.38,152.36,152.38,152.39,152.41,152.39,152.41
02/25/2022,14:47,152.36,152.43,152.36,152.43,152.4,152.46,152.4,152.46
02/25/2022,14:48,152.43,152.43,152.39,152.4,152.46,152.46,152.42,152.42
02/25/2022,14:49,152.34,152.34,152.34,152.34,152.35,152.35,152.35,152.35
02/25/2022,14:50,152.25,152.25,152.25,152.25,152.29,152.29,152.28,152.28
02/25/2022,14:51,152.15,152.15,152.08,152.08,152.19,152.19,152.11,152.11
02/25/2022,14:53,152.05,152.05,152.02,152.02,152.09,152.09,152.04,152.04
02/25/2022,14:54,152.03,152.13,152.03,152.13,152.06,152.16,152.06,152.15
02/25/2022,14:56,152.24,152.24,152.22,152.22,152.27,152.27,152.23,152.23
02/25/2022,14:57,152.27,152.35,152.27,152.35,152.3,152.35,152.3,152.35
02/25/2022,14:58,152.47,152.47,152.3,152.3,152.48,152.48,152.33,152.33
02/25/2022,15:00,152.24,152.24,152.24,152.24,152.25,152.25,152.25,152.25
02/25/2022,15:01,152.17,152.17,152.15,152.15,152.21,152.21,152.18,152.18
02/25/2022,15:02,152.14,152.14,152.05,152.05,152.17,152.17,152.09,152.09
02/25/2022,15:03,152.07,152.09,152.07,152.09,152.1,152.11,152.1,152.11
02/25/2022,15:04,152.06,152.06,152.06,152.06,152.1,152.1,152.09,152.09
02/25/2022,15:05,152.08,152.11,152.08,152.08,152.11,152.16,152.11,152.11
02/25/2022,15:06,152.11,152.18,152.11,152.17,152.14,152.21,152.14,152.2
02/25/2022,15:07,152.17,152.21,152.17,152.2,152.18,152.24,152.18,152.24
02/25/2022,15:08,152.19,152.19,152.12,152.18,152.21,152.22,152.15,152.21
02/25/2022,15:09,152.25,152.26,152.24,152.25,152.27,152.29,152.26,152.28
02/25/2022,15:10,152.25,152.29,152.2,152.2,152.28,152.31,152.23,152.23
02/25/2022,15:11,152.22,152.22,152.08,152.14,152.25,152.25,152.11,152.17
02/25/2022,15:12,152.13,152.14,152.13,152.14,152.17,152.17,152.15,152.16
02/25/2022,15:13,152.09,152.2,152.09,152.2,152.12,152.23,152.12,152.23
02/25/2022,15:14,152.21,152.23,152.21,152.23,152.23,152.24,152.21,152.24
02/25/2022,15:15,152.26,152.44,152.23,152.44,152.27,152.44,152.25,152.44
02/25/2022,15:16,152.39,152.44,152.32,152.32,152.42,152.45,152.34,152.34
02/25/2022,15:17,152.27,152.27,152.27,152.27,152.3,152.3,152.3,152.3
02/25/2022,15:18,152.33,152.33,152.33,152.33,152.36,152.36,152.35,152.35
02/25/2022,15:19,152.42,152.44,152.39,152.44,152.43,152.46,152.42,152.46
02/25/2022,15:20,152.52,152.52,152.49,152.49,152.54,152.54,152.5,152.5
02/25/2022,15:21,152.43,152.43,152.43,152.43,152.45,152.45,152.45,152.45
02/25/2022,15:22,152.49,152.5,152.48,152.5,152.52,152.53,152.49,152.51
02/25/2022,15:23,152.5,152.51,152.5,152.51,152.52,152.53,152.52,152.53
02/25/2022,15:24,152.61,152.63,152.59,152.59,152.63,152.66,152.58,152.58
02/25/2022,15:25,152.54,152.54,152.47,152.47,152.55,152.56,152.48,152.5
02/25/2022,15:26,152.49,152.49,152.45,152.45,152.52,152.52,152.46,152.46
02/25/2022,15:27,152.51,152.57,152.51,152.54,152.52,152.6,152.52,152.55
02/25/2022,15:28,152.55,152.55,152.39,152.39,152.57,152.57,152.42,152.42
02/25/2022,15:29,152.44,152.44,152.39,152.39,152.46,152.46,152.41,152.41
02/25/2022,15:30,152.39,152.49,152.38,152.49,152.41,152.51,152.39,152.51
02/25/2022,15:31,152.49,152.49,152.42,152.46,152.51,152.51,152.43,152.49
02/25/2022,15:32,152.5,152.58,152.5,152.5,152.52,152.6,152.52,152.52
02/25/2022,15:33,152.5,152.57,152.48,152.48,152.52,152.59,152.5,152.5
02/25/2022,15:34,152.5,152.5,152.35,152.35,152.52,152.53,152.37,152.37
02/25/2022,15:35,152.26,152.29,152.24,152.24,152.26,152.31,152.25,152.25
02/25/2022,15:36,152.23,152.23,152.16,152.19,152.25,152.25,152.16,152.21
02/25/2022,15:37,152.2,152.28,152.2,152.27,152.23,152.3,152.23,152.3
02/25/2022,15:38,152.25,152.25,152.2,152.24,152.28,152.28,152.22,152.27
02/25/2022,15:39,152.22,152.39,152.22,152.38,152.24,152.42,152.24,152.4
02/25/2022,15:40,152.37,152.43,152.37,152.37,152.4,152.45,152.38,152.38
02/25/2022,15:41,152.31,152.41,152.31,152.41,152.33,152.44,152.33,152.44
02/25/2022,15:42,152.39,152.43,152.34,152.37,152.42,152.44,152.37,152.4
02/25/2022,15:43,152.4,152.58,152.39,152.58,152.42,152.59,152.41,152.59
02/25/2022,15:44,152.56,152.61,152.44,152.44,152.58,152.63,152.47,152.47
02/25/2022,15:45,152.4,152.52,152.4,152.52,152.42,152.54,152.42,152.54
02/25/2022,15:46,152.53,152.55,152.44,152.5,152.56,152.57,152.47,152.53
02/25/2022,15:47,152.54,152.58,152.49,152.52,152.55,152.59,152.51,152.54
02/25/2022,15:48,152.52,152.64,152.44,152.61,152.53,152.66,152.45,152.64
02/25/2022,15:49,152.61,152.61,152.39,152.42,152.63,152.63,152.42,152.46
02/25/2022,15:50,152.47,152.7,152.46,152.7,152.48,152.75,152.48,152.7
02/25/2022,15:51,152.64,152.74,152.64,152.72,152.66,152.75,152.66,152.73
02/25/2022,15:52,152.7,152.7,152.6,152.68,152.72,152.72,152.62,152.7
02/25/2022,15:53,152.68,152.76,152.68,152.7,152.71,152.79,152.69,152.72
02/25/2022,15:54,152.67,152.69,152.56,152.56,152.69,152.71,152.58,152.58
02/25/2022,15:55,152.57,152.67,152.49,152.65,152.59,152.7,152.51,152.66
02/25/2022,15:56,152.66,152.67,152.58,152.6,152.67,152.68,152.59,152.61
02/25/2022,15:57,152.61,152.62,152.56,152.59,152.63,152.63,152.57,152.6
02/25/2022,15:58,152.61,152.65,152.58,152.65,152.62,152.66,152.59,152.66
02/25/2022,15:59,152.62,152.72,152.62,152.68,152.66,152.75,152.64,152.72
02/25/2022,16:00,152.65,152.65,152.39,152.39,152.73,152.99,152.73,152.99
02/25/2022,17:46,149.53,149.53,149.53,149.53,152.84,152.84,152.84,152.84
