02/01/2022,09:29,154.0,154.0,154.0,154.0,154.06,154.06,154.06,154.06
02/01/2022,09:30,154.0,154.1,153.89,153.98,154.06,154.26,154.01,154.12
02/01/2022,09:31,154.02,154.05,153.9,153.97,154.1,154.14,154.02,154.06
02/01/2022,09:32,153.98,154.01,153.8,153.84,154.06,154.09,153.88,153.92
02/01/2022,09:33,153.93,153.99,153.89,153.94,153.99,154.06,153.93,153.95
02/01/2022,09:34,153.98,154.03,153.92,154.03,154.04,154.11,153.97,154.11
02/01/2022,09:35,154.11,154.27,154.02,154.21,154.17,154.31,154.09,154.29
02/01/2022,09:36,154.26,154.4,154.25,154.39,154.32,154.45,154.29,154.45
02/01/2022,09:37,154.44,154.44,154.22,154.22,154.5,154.5,154.32,154.32
02/01/2022,09:38,154.33,154.47,154.28,154.45,154.39,154.54,154.38,154.51
02/01/2022,09:39,154.38,154.5,154.38,154.46,154.43,154.55,154.43,154.51
02/01/2022,09:40,154.34,154.48,154.32,154.44,154.41,154.54,154.39,154.51
02/01/2022,09:41,154.43,154.46,154.41,154.45,154.49,154.52,154.45,154.52
02/01/2022,09:42,154.3,154.3,154.29,154.29,154.36,154.36,154.36,154.36
02/01/2022,09:43,154.23,154.23,154.03,154.03,154.26,154.26,154.06,154.06
02/01/2022,09:44,154.08,154.16,154.08,154.14,154.12,154.22,154.12,154.2
02/01/2022,09:45,154.07,154.16,154.07,154.12,154.16,154.2,154.16,154.19
02/01/2022,09:46,154.15,154.15,154.07,154.07,154.21,154.21,154.1,154.1
02/01/2022,09:47,154.04,154.04,154.0,154.0,154.08,154.08,154.03,154.05
02/01/2022,09:48,153.94,154.05,153.89,153.99,153.99,154.08,153.94,154.04
02/01/2022,09:49,154.06,154.06,154.06,154.06,154.11,154.11,154.11,154.11
02/01/2022,09:50,154.33,154.34,154.29,154.29,154.39,154.39,154.34,154.35
02/01/2022,09:51,154.3,154.32,154.3,154.32,154.34,154.38,154.34,154.38
02/01/2022,09:52,154.31,154.37,154.31,154.37,154.37,154.42,154.37,154.42
02/01/2022,09:53,154.37,154.4,154.36,154.4,154.42,154.44,154.4,154.42
02/01/2022,09:54,154.35,154.35,154.26,154.26,154.4,154.4,154.28,154.28
02/01/2022,09:55,154.34,154.39,154.26,154.39,154.35,154.44,154.27,154.44
02/01/2022,09:56,154.38,154.38,154.27,154.35,154.43,154.43,154.28,154.38
02/01/2022,09:57,154.39,154.42,154.34,154.34,154.45,154.46,154.37,154.37
02/01/2022,09:58,154.33,154.34,154.24,154.24,154.37,154.37,154.28,154.28
02/01/2022,09:59,154.27,154.28,154.25,154.26,154.3,154.32,154.27,154.31
02/01/2022,10:00,154.28,154.29,153.92,153.95,154.3,154.3,153.96,153.96
02/01/2022,10:01,154.04,154.08,153.88,153.9,154.08,154.12,153.93,153.95
02/01/2022,10:02,153.88,153.88,153.81,153.85,153.9,153.93,153.86,153.88
02/01/2022,10:03,153.83,153.83,153.71,153.71,153.85,153.87,153.75,153.75
02/01/2022,10:04,153.71,153.71,153.65,153.65,153.76,153.76,153.69,153.69
02/01/2022,10:05,153.52,153.52,153.52,153.52,153.57,153.57,153.57,153.57
02/01/2022,10:06,153.6,153.69,153.6,153.69,153.65,153.74,153.65,153.74
02/01/2022,10:07,153.75,153.86,153.75,153.86,153.79,153.91,153.79,153.91
02/01/2022,10:08,153.85,153.85,153.85,153.85,153.9,153.9,153.9,153.9
02/01/2022,10:10,153.83,153.87,153.83,153.83,153.88,153.91,153.88,153.88
02/01/2022,10:11,153.83,153.89,153.83,153.85,153.88,153.93,153.88,153.89
02/01/2022,10:12,153.75,153.92,153.75,153.92,153.8,153.96,153.8,153.96
02/01/2022,10:13,153.94,154.04,153.94,154.04,153.99,154.08,153.99,154.08
02/01/2022,10:14,153.99,153.99,153.99,153.99,154.04,154.04,154.04,154.04
02/01/2022,10:15,154.01,154.01,153.96,153.96,154.06,154.06,154.0,154.0
02/01/2022,10:16,153.94,153.95,153.81,153.84,153.98,153.99,153.85,153.88
02/01/2022,10:17,153.9,153.96,153.9,153.96,153.92,154.0,153.92,153.97
02/01/2022,10:18,153.95,154.05,153.94,154.01,153.97,154.09,153.97,154.04
02/01/2022,10:19,153.93,153.93,153.8,153.8,153.97,153.97,153.84,153.84
02/01/2022,10:20,153.84,153.88,153.84,153.88,153.89,153.91,153.89,153.91
02/01/2022,10:21,153.87,153.95,153.87,153.94,153.92,153.99,153.92,153.98
02/01/2022,10:22,153.93,154.18,153.93,154.18,153.97,154.21,153.97,154.21
02/01/2022,10:23,154.15,154.16,154.13,154.16,154.18,154.21,154.16,154.21
02/01/2022,10:24,154.14,154.19,154.14,154.19,154.17,154.24,154.17,154.24
02/01/2022,10:25,154.25,154.25,154.25,154.25,154.3,154.3,154.28,154.28
02/01/2022,10:26,154.21,154.21,154.07,154.07,154.26,154.26,154.11,154.11
02/01/2022,10:27,154.0,154.0,154.0,154.0,154.05,154.05,154.05,154.05
02/01/2022,10:28,154.04,154.07,154.04,154.07,154.07,154.1,154.07,154.09
02/01/2022,10:29,153.91,153.91,153.86,153.86,153.95,153.95,153.9,153.9
02/01/2022,10:30,153.89,153.89,153.89,153.89,153.93,153.93,153.93,153.93
02/01/2022,10:31,153.98,154.06,153.98,154.06,154.02,154.09,154.02,154.09
02/01/2022,10:32,154.14,154.14,154.14,154.14,154.18,154.18,154.18,154.18
02/01/2022,10:33,154.0,154.0,154.0,154.0,154.04,154.04,154.04,154.04
02/01/2022,10:34,154.06,154.09,153.96,153.96,154.08,154.14,153.99,153.99
02/01/2022,10:35,153.98,154.05,153.97,154.03,154.02,154.07,153.97,154.06
02/01/2022,10:36,153.93,154.06,153.93,154.04,153.97,154.09,153.97,154.05
02/01/2022,10:37,154.08,154.1,154.03,154.03,154.12,154.12,154.04,154.04
02/01/2022,10:38,154.05,154.05,154.05,154.05,154.09,154.09,154.09,154.09
02/01/2022,10:39,154.07,154.15,154.07,154.15,154.11,154.19,154.11,154.19
02/01/2022,10:40,154.15,154.17,154.11,154.11,154.16,154.19,154.14,154.14
02/01/2022,10:41,154.09,154.09,154.05,154.06,154.13,154.13,154.09,154.09
02/01/2022,10:42,154.0,154.0,154.0,154.0,154.03,154.03,154.03,154.03
02/01/2022,10:43,153.97,153.97,153.88,153.93,154.01,154.01,153.9,153.96
02/01/2022,10:44,154.03,154.03,153.97,153.97,154.07,154.07,154.01,154.01
02/01/2022,10:45,153.93,154.01,153.93,154.01,153.97,154.05,153.97,154.05
02/01/2022,10:46,153.96,153.96,153.94,153.95,154.0,154.0,153.97,153.97
02/01/2022,10:47,153.95,153.95,153.95,153.95,153.99,153.99,153.99,153.99
02/01/2022,10:48,153.88,153.89,153.88,153.88,153.92,153.93,153.92,153.93
02/01/2022,10:49,153.85,153.9,153.84,153.9,153.89,153.93,153.88,153.93
02/01/2022,10:50,153.89,153.96,153.89,153.96,153.91,154.0,153.91,154.0
02/01/2022,10:51,153.98,153.98,153.98,153.98,154.02,154.02,154.02,154.02
02/01/2022,10:52,154.02,154.06,154.02,154.06,154.05,154.09,154.05,154.09
02/01/2022,10:53,154.11,154.17,154.11,154.15,154.15,154.21,154.15,154.18
02/01/2022,10:55,154.29,154.29,154.29,154.29,154.32,154.32,154.32,154.32
02/01/2022,10:56,154.26,154.26,154.26,154.26,154.31,154.31,154.31,154.31
02/01/2022,10:59,154.3,154.36,154.3,154.34,154.34,154.4,154.34,154.38
02/01/2022,11:00,154.37,154.37,154.37,154.37,154.41,154.41,154.41,154.41
02/01/2022,11:02,154.33,154.34,154.3,154.3,154.38,154.38,154.32,154.33
02/01/2022,11:04,154.27,154.27,154.16,154.16,154.31,154.31,154.19,154.19
02/01/2022,11:05,154.19,154.19,154.14,154.14,154.23,154.23,154.18,154.18
02/01/2022,11:06,154.16,154.22,154.13,154.22,154.2,154.26,154.17,154.26
02/01/2022,11:07,154.25,154.28,154.22,154.28,154.29,154.32,154.25,154.28
02/01/2022,11:08,154.27,154.27,154.24,154.25,154.3,154.3,154.27,154.29
02/01/2022,11:09,154.28,154.28,154.28,154.28,154.32,154.32,154.32,154.32
02/01/2022,11:10,154.32,154.32,154.3,154.3,154.35,154.35,154.32,154.32
02/01/2022,11:11,154.33,154.33,154.3,154.31,154.34,154.35,154.31,154.34
02/01/2022,11:12,154.3,154.36,154.3,154.33,154.34,154.39,154.34,154.37
02/01/2022,11:13,154.36,154.45,154.36,154.45,154.39,154.48,154.39,154.48
02/01/2022,11:14,154.43,154.44,154.42,154.42,154.46,154.47,154.45,154.45
02/01/2022,11:15,154.43,154.43,154.37,154.37,154.45,154.45,154.38,154.38
02/01/2022,11:16,154.35,154.41,154.35,154.4,154.39,154.42,154.39,154.42
02/01/2022,11:17,154.4,154.4,154.36,154.38,154.41,154.42,154.39,154.42
02/01/2022,11:18,154.35,154.35,154.34,154.34,154.38,154.38,154.37,154.37
02/01/2022,11:19,154.37,154.37,154.34,154.36,154.39,154.39,154.37,154.39
02/01/2022,11:20,154.37,154.42,154.37,154.39,154.4,154.44,154.4,154.41
02/01/2022,11:21,154.37,154.37,154.27,154.27,154.4,154.4,154.29,154.29
02/01/2022,11:22,154.26,154.26,154.25,154.25,154.3,154.3,154.28,154.28
02/01/2022,11:23,154.29,154.29,154.2,154.2,154.32,154.32,154.22,154.22
02/01/2022,11:24,154.13,154.15,154.13,154.15,154.14,154.19,154.14,154.18
02/01/2022,11:25,154.16,154.16,154.04,154.04,154.19,154.2,154.08,154.08
02/01/2022,11:26,154.1,154.1,154.1,154.1,154.13,154.13,154.13,154.13
02/01/2022,11:27,154.13,154.14,154.13,154.13,154.17,154.17,154.16,154.17
02/01/2022,11:28,154.14,154.14,154.12,154.12,154.17,154.17,154.16,154.16
02/01/2022,11:29,154.06,154.06,154.03,154.03,154.08,154.08,154.04,154.04
02/01/2022,11:30,154.04,154.06,153.89,153.9,154.08,154.1,153.92,153.92
02/01/2022,11:31,153.87,153.91,153.87,153.89,153.88,153.94,153.88,153.92
02/01/2022,11:32,153.82,153.82,153.73,153.8,153.85,153.86,153.76,153.83
02/01/2022,11:33,153.91,153.97,153.91,153.97,153.95,154.0,153.92,154.0
02/01/2022,11:34,154.01,154.08,154.01,154.08,154.04,154.11,154.04,154.11
02/01/2022,11:35,154.17,154.19,154.15,154.15,154.18,154.22,154.18,154.18
02/01/2022,11:36,154.15,154.15,154.11,154.11,154.18,154.18,154.12,154.14
02/01/2022,11:37,154.11,154.12,154.09,154.09,154.13,154.13,154.12,154.12
02/01/2022,11:38,154.12,154.12,154.12,154.12,154.16,154.16,154.16,154.16
02/01/2022,11:39,154.12,154.14,154.04,154.1,154.15,154.18,154.07,154.13
02/01/2022,11:40,154.15,154.15,154.12,154.14,154.18,154.18,154.15,154.17
02/01/2022,11:41,154.13,154.18,154.13,154.18,154.17,154.22,154.17,154.22
02/01/2022,11:42,154.19,154.23,154.14,154.14,154.23,154.26,154.15,154.15
02/01/2022,11:43,154.13,154.14,154.05,154.05,154.17,154.17,154.08,154.08
02/01/2022,11:44,154.07,154.1,154.05,154.1,154.1,154.14,154.08,154.14
02/01/2022,11:45,154.08,154.12,154.08,154.12,154.09,154.15,154.09,154.15
02/01/2022,11:47,154.14,154.14,154.14,154.14,154.16,154.16,154.16,154.16
02/01/2022,11:48,154.13,154.22,154.13,154.18,154.16,154.25,154.16,154.18
02/01/2022,11:49,154.16,154.16,154.07,154.07,154.16,154.16,154.1,154.1
02/01/2022,11:50,154.07,154.07,154.04,154.05,154.08,154.1,154.07,154.07
02/01/2022,11:51,154.15,154.16,154.09,154.09,154.18,154.18,154.12,154.12
02/01/2022,11:52,154.08,154.09,154.06,154.08,154.09,154.12,154.09,154.09
02/01/2022,11:53,154.08,154.1,154.08,154.1,154.09,154.13,154.09,154.13
02/01/2022,11:54,154.08,154.1,154.08,154.08,154.1,154.13,154.1,154.1
02/01/2022,11:55,154.15,154.15,154.12,154.12,154.17,154.17,154.13,154.15
02/01/2022,11:56,154.09,154.17,154.09,154.12,154.11,154.18,154.11,154.15
02/01/2022,11:57,154.14,154.14,154.14,154.14,154.17,154.17,154.17,154.17
02/01/2022,11:58,154.2,154.22,154.2,154.22,154.24,154.25,154.24,154.25
02/01/2022,11:59,154.22,154.22,154.11,154.15,154.24,154.24,154.12,154.18
02/01/2022,12:00,154.15,154.15,154.14,154.14,154.18,154.18,154.15,154.15
02/01/2022,12:01,154.13,154.19,154.13,154.19,154.17,154.22,154.17,154.22
02/01/2022,12:02,154.19,154.19,154.19,154.19,154.22,154.22,154.22,154.22
02/01/2022,12:03,154.19,154.2,154.17,154.2,154.22,154.23,154.2,154.23
02/01/2022,12:04,154.21,154.21,154.13,154.13,154.24,154.24,154.16,154.16
02/01/2022,12:05,154.15,154.16,154.08,154.14,154.16,154.18,154.11,154.15
02/01/2022,12:06,154.18,154.2,154.18,154.19,154.19,154.22,154.19,154.22
02/01/2022,12:07,154.19,154.2,154.18,154.19,154.2,154.22,154.19,154.22
02/01/2022,12:08,154.2,154.2,154.18,154.18,154.23,154.23,154.2,154.21
02/01/2022,12:09,154.16,154.18,154.16,154.18,154.19,154.21,154.19,154.21
02/01/2022,12:10,154.22,154.22,154.13,154.16,154.23,154.23,154.15,154.19
02/01/2022,12:11,154.15,154.15,154.07,154.14,154.17,154.17,154.1,154.15
02/01/2022,12:12,154.15,154.16,154.05,154.05,154.16,154.17,154.06,154.06
02/01/2022,12:13,154.07,154.1,154.07,154.08,154.08,154.12,154.08,154.09
02/01/2022,12:14,154.06,154.08,154.06,154.08,154.09,154.09,154.07,154.09
02/01/2022,12:15,154.09,154.17,154.09,154.14,154.09,154.19,154.09,154.15
02/01/2022,12:16,154.15,154.15,154.09,154.1,154.16,154.16,154.1,154.12
02/01/2022,12:17,154.08,154.11,154.07,154.11,154.1,154.13,154.09,154.13
02/01/2022,12:18,154.13,154.14,154.13,154.14,154.14,154.17,154.14,154.16
02/01/2022,12:19,154.17,154.17,154.15,154.15,154.18,154.2,154.16,154.18
02/01/2022,12:20,154.14,154.16,154.14,154.15,154.16,154.17,154.15,154.17
02/01/2022,12:21,154.15,154.16,154.14,154.14,154.17,154.18,154.15,154.15
02/01/2022,12:22,154.12,154.12,154.08,154.08,154.14,154.14,154.09,154.09
02/01/2022,12:23,154.02,154.1,154.01,154.09,154.04,154.12,154.02,154.1
02/01/2022,12:24,154.09,154.15,154.09,154.15,154.11,154.16,154.11,154.16
02/01/2022,12:25,154.13,154.13,154.03,154.06,154.14,154.14,154.05,154.07
02/01/2022,12:26,154.06,154.09,154.05,154.06,154.07,154.11,154.06,154.07
02/01/2022,12:27,153.98,154.04,153.98,154.03,153.99,154.05,153.99,154.05
02/01/2022,12:28,154.03,154.04,154.01,154.01,154.05,154.05,154.04,154.04
02/01/2022,12:29,154.05,154.07,154.04,154.07,154.05,154.1,154.05,154.1
02/01/2022,12:30,154.08,154.09,154.08,154.08,154.1,154.1,154.09,154.09
02/01/2022,12:31,154.03,154.03,153.98,154.02,154.05,154.05,153.99,154.03
02/01/2022,12:32,154.04,154.04,153.95,153.97,154.05,154.05,153.97,153.98
02/01/2022,12:33,153.96,153.96,153.8,153.81,153.98,153.98,153.82,153.84
02/01/2022,12:34,153.82,153.84,153.8,153.8,153.83,153.86,153.83,153.83
02/01/2022,12:35,153.82,153.88,153.82,153.88,153.83,153.89,153.83,153.89
02/01/2022,12:36,153.89,153.89,153.87,153.89,153.9,153.9,153.88,153.9
02/01/2022,12:37,153.9,153.99,153.9,153.99,153.91,154.02,153.91,154.02
02/01/2022,12:38,154.01,154.02,153.96,154.0,154.02,154.03,153.97,154.01
02/01/2022,12:39,154.01,154.02,153.98,153.98,154.03,154.05,153.99,154.0
02/01/2022,12:40,153.99,154.04,153.99,154.04,154.0,154.05,154.0,154.05
02/01/2022,12:41,154.07,154.11,154.06,154.06,154.08,154.12,154.07,154.07
02/01/2022,12:42,154.05,154.05,154.02,154.02,154.07,154.07,154.03,154.03
02/01/2022,12:43,154.0,154.04,153.95,154.04,154.01,154.05,153.97,154.05
02/01/2022,12:44,154.04,154.04,154.0,154.01,154.05,154.05,154.01,154.04
02/01/2022,12:45,154.01,154.03,154.01,154.02,154.02,154.05,154.02,154.04
02/01/2022,12:46,153.99,153.99,153.9,153.92,154.0,154.0,153.91,153.94
02/01/2022,12:47,153.93,153.95,153.9,153.95,153.94,153.96,153.91,153.96
02/01/2022,12:48,153.95,153.96,153.88,153.9,153.97,153.97,153.89,153.92
02/01/2022,12:49,153.89,153.93,153.88,153.92,153.9,153.94,153.9,153.93
02/01/2022,12:50,153.9,153.96,153.9,153.96,153.92,153.98,153.92,153.98
02/01/2022,12:51,153.95,153.98,153.94,153.98,153.96,154.01,153.96,154.01
02/01/2022,12:52,153.98,153.98,153.98,153.98,153.99,154.0,153.99,153.99
02/01/2022,12:53,153.94,153.95,153.91,153.95,153.95,153.96,153.92,153.96
02/01/2022,12:54,153.95,154.0,153.94,153.99,153.96,154.01,153.96,154.0
02/01/2022,12:55,153.99,154.08,153.98,154.04,154.0,154.09,153.99,154.06
02/01/2022,12:56,154.06,154.13,154.05,154.12,154.08,154.15,154.06,154.14
02/01/2022,12:57,154.12,154.14,154.12,154.14,154.14,154.15,154.14,154.15
02/01/2022,12:58,154.14,154.15,154.14,154.15,154.16,154.18,154.15,154.18
02/01/2022,12:59,154.18,154.18,154.18,154.18,154.2,154.2,154.19,154.19
02/01/2022,13:00,154.18,154.19,154.17,154.19,154.2,154.2,154.19,154.2
02/01/2022,13:01,154.18,154.18,154.18,154.18,154.19,154.21,154.19,154.21
02/01/2022,13:02,154.18,154.18,154.03,154.04,154.19,154.2,154.04,154.06
02/01/2022,13:03,154.05,154.05,154.04,154.05,154.07,154.07,154.05,154.06
02/01/2022,13:04,154.06,154.07,154.01,154.01,154.07,154.08,154.02,154.03
02/01/2022,13:05,154.0,154.0,153.99,154.0,154.01,154.03,154.01,154.03
02/01/2022,13:06,154.04,154.04,154.04,154.04,154.05,154.06,154.05,154.06
02/01/2022,13:07,154.04,154.05,154.03,154.03,154.07,154.07,154.05,154.05
02/01/2022,13:08,153.94,153.97,153.94,153.97,153.96,154.0,153.96,154.0
02/01/2022,13:11,154.0,154.0,154.0,154.0,154.01,154.01,154.01,154.01
02/01/2022,13:12,154.02,154.04,154.02,154.04,154.04,154.06,154.04,154.06
02/01/2022,13:13,154.06,154.08,154.05,154.05,154.08,154.09,154.06,154.06
02/01/2022,13:14,154.05,154.05,154.0,154.0,154.07,154.07,154.02,154.02
02/01/2022,13:15,154.03,154.03,154.03,154.03,154.04,154.06,154.04,154.06
02/01/2022,13:16,154.11,154.11,154.11,154.11,154.13,154.13,154.13,154.13
02/01/2022,13:17,154.1,154.1,154.1,154.1,154.12,154.12,154.12,154.12
02/01/2022,13:18,154.1,154.1,154.1,154.1,154.11,154.11,154.11,154.11
02/01/2022,13:19,154.12,154.12,154.09,154.1,154.13,154.13,154.11,154.12
02/01/2022,13:20,154.11,154.11,154.08,154.08,154.13,154.13,154.1,154.1
02/01/2022,13:21,154.13,154.13,154.12,154.12,154.15,154.15,154.13,154.14
02/01/2022,13:22,154.12,154.13,154.1,154.13,154.14,154.16,154.12,154.16
02/01/2022,13:23,154.13,154.15,154.13,154.15,154.15,154.16,154.14,154.16
02/01/2022,13:24,154.16,154.16,154.13,154.13,154.18,154.18,154.14,154.14
02/01/2022,13:25,154.13,154.17,154.12,154.17,154.14,154.2,154.13,154.2
02/01/2022,13:26,154.17,154.18,154.13,154.14,154.19,154.19,154.14,154.16
02/01/2022,13:27,154.16,154.18,154.15,154.18,154.18,154.2,154.16,154.2
02/01/2022,13:28,154.18,154.21,154.18,154.21,154.2,154.23,154.2,154.23
02/01/2022,13:29,154.23,154.23,154.23,154.23,154.25,154.26,154.25,154.26
02/01/2022,13:30,154.23,154.23,154.21,154.21,154.24,154.24,154.22,154.23
02/01/2022,13:31,154.21,154.23,154.21,154.22,154.22,154.25,154.22,154.24
02/01/2022,13:32,154.23,154.23,154.22,154.22,154.25,154.25,154.24,154.24
02/01/2022,13:33,154.21,154.21,154.21,154.21,154.22,154.23,154.22,154.23
02/01/2022,13:34,154.24,154.24,154.21,154.23,154.26,154.26,154.22,154.25
02/01/2022,13:35,154.2,154.2,154.13,154.16,154.22,154.22,154.15,154.19
02/01/2022,13:36,154.18,154.24,154.18,154.24,154.21,154.27,154.21,154.26
02/01/2022,13:37,154.24,154.24,154.22,154.23,154.27,154.27,154.24,154.26
02/01/2022,13:38,154.26,154.31,154.26,154.31,154.28,154.34,154.28,154.34
02/01/2022,13:39,154.33,154.33,154.33,154.33,154.35,154.36,154.35,154.36
02/01/2022,13:40,154.31,154.33,154.31,154.33,154.34,154.36,154.34,154.36
02/01/2022,13:41,154.37,154.38,154.37,154.38,154.39,154.4,154.39,154.4
02/01/2022,13:42,154.38,154.39,154.38,154.39,154.4,154.41,154.4,154.41
02/01/2022,13:43,154.37,154.4,154.37,154.4,154.38,154.41,154.38,154.41
02/01/2022,13:44,154.4,154.41,154.4,154.41,154.41,154.44,154.41,154.44
02/01/2022,13:45,154.46,154.46,154.44,154.44,154.49,154.49,154.47,154.47
02/01/2022,13:46,154.45,154.47,154.45,154.47,154.47,154.49,154.47,154.49
02/01/2022,13:47,154.47,154.47,154.45,154.45,154.49,154.49,154.48,154.48
02/01/2022,13:48,154.46,154.47,154.46,154.47,154.49,154.51,154.49,154.5
02/01/2022,13:49,154.48,154.48,154.43,154.43,154.5,154.5,154.45,154.45
02/01/2022,13:50,154.44,154.45,154.43,154.44,154.46,154.48,154.46,154.47
02/01/2022,13:51,154.46,154.46,154.46,154.46,154.49,154.49,154.49,154.49
02/01/2022,13:52,154.42,154.42,154.42,154.42,154.43,154.43,154.43,154.43
02/01/2022,13:53,154.42,154.44,154.42,154.44,154.44,154.47,154.44,154.47
02/01/2022,13:54,154.47,154.47,154.45,154.45,154.49,154.49,154.46,154.47
02/01/2022,13:55,154.41,154.42,154.4,154.4,154.44,154.44,154.43,154.43
02/01/2022,13:56,154.4,154.4,154.38,154.38,154.43,154.43,154.41,154.41
02/01/2022,13:57,154.32,154.38,154.32,154.37,154.35,154.41,154.35,154.4
02/01/2022,13:58,154.4,154.4,154.4,154.4,154.42,154.43,154.42,154.43
02/01/2022,13:59,154.42,154.45,154.41,154.45,154.45,154.47,154.43,154.47
02/01/2022,14:00,154.44,154.46,154.43,154.46,154.47,154.5,154.44,154.5
02/01/2022,14:01,154.51,154.52,154.51,154.52,154.54,154.55,154.53,154.53
02/01/2022,14:02,154.52,154.53,154.48,154.5,154.54,154.56,154.49,154.52
02/01/2022,14:03,154.49,154.49,154.46,154.47,154.51,154.51,154.48,154.48
02/01/2022,14:04,154.45,154.46,154.44,154.44,154.48,154.48,154.46,154.46
02/01/2022,14:05,154.44,154.47,154.44,154.46,154.46,154.49,154.45,154.48
02/01/2022,14:06,154.47,154.47,154.44,154.44,154.5,154.5,154.45,154.46
02/01/2022,14:07,154.42,154.45,154.42,154.45,154.45,154.48,154.45,154.48
02/01/2022,14:08,154.45,154.48,154.45,154.46,154.47,154.5,154.47,154.49
02/01/2022,14:09,154.48,154.49,154.47,154.48,154.49,154.52,154.48,154.5
02/01/2022,14:10,154.48,154.5,154.47,154.48,154.49,154.52,154.48,154.49
02/01/2022,14:11,154.5,154.54,154.5,154.54,154.53,154.58,154.53,154.57
02/01/2022,14:12,154.51,154.51,154.48,154.48,154.53,154.53,154.51,154.51
02/01/2022,14:13,154.42,154.43,154.35,154.35,154.44,154.47,154.38,154.38
02/01/2022,14:14,154.35,154.39,154.35,154.38,154.38,154.42,154.38,154.4
02/01/2022,14:15,154.45,154.51,154.45,154.5,154.46,154.54,154.46,154.51
02/01/2022,14:16,154.48,154.51,154.48,154.48,154.51,154.53,154.51,154.51
02/01/2022,14:17,154.42,154.45,154.42,154.42,154.45,154.47,154.45,154.45
02/01/2022,14:18,154.45,154.46,154.45,154.45,154.46,154.49,154.46,154.48
02/01/2022,14:19,154.44,154.46,154.44,154.46,154.47,154.49,154.47,154.49
02/01/2022,14:20,154.38,154.39,154.33,154.37,154.4,154.41,154.36,154.39
02/01/2022,14:21,154.37,154.37,154.32,154.35,154.4,154.4,154.35,154.38
02/01/2022,14:22,154.37,154.38,154.37,154.38,154.4,154.41,154.4,154.41
02/01/2022,14:23,154.35,154.38,154.34,154.38,154.38,154.41,154.37,154.41
02/01/2022,14:24,154.4,154.43,154.4,154.42,154.43,154.46,154.43,154.45
02/01/2022,14:25,154.4,154.4,154.38,154.39,154.43,154.43,154.41,154.42
02/01/2022,14:26,154.4,154.43,154.39,154.43,154.43,154.45,154.42,154.45
02/01/2022,14:27,154.44,154.44,154.44,154.44,154.47,154.47,154.47,154.47
02/01/2022,14:28,154.45,154.47,154.44,154.44,154.48,154.49,154.46,154.46
02/01/2022,14:29,154.48,154.52,154.48,154.51,154.49,154.54,154.49,154.52
02/01/2022,14:30,154.51,154.55,154.51,154.52,154.53,154.57,154.53,154.54
02/01/2022,14:31,154.5,154.53,154.5,154.53,154.52,154.55,154.52,154.55
02/01/2022,14:32,154.52,154.53,154.51,154.53,154.53,154.56,154.53,154.56
02/01/2022,14:33,154.51,154.54,154.51,154.54,154.54,154.57,154.54,154.57
02/01/2022,14:34,154.54,154.55,154.52,154.55,154.57,154.58,154.56,154.58
02/01/2022,14:35,154.57,154.57,154.55,154.55,154.59,154.59,154.57,154.57
02/01/2022,14:36,154.51,154.52,154.47,154.52,154.54,154.54,154.5,154.54
02/01/2022,14:37,154.49,154.5,154.49,154.5,154.51,154.53,154.51,154.52
02/01/2022,14:38,154.5,154.53,154.5,154.51,154.52,154.56,154.52,154.54
02/01/2022,14:39,154.49,154.49,154.46,154.49,154.5,154.52,154.48,154.52
02/01/2022,14:40,154.52,154.52,154.47,154.47,154.55,154.55,154.48,154.49
02/01/2022,14:41,154.45,154.46,154.44,154.45,154.46,154.47,154.45,154.47
02/01/2022,14:42,154.44,154.46,154.44,154.45,154.45,154.49,154.45,154.46
02/01/2022,14:43,154.47,154.47,154.45,154.47,154.49,154.49,154.46,154.48
02/01/2022,14:44,154.47,154.49,154.47,154.49,154.49,154.51,154.49,154.51
02/01/2022,14:45,154.5,154.54,154.5,154.5,154.51,154.55,154.51,154.51
02/01/2022,14:46,154.5,154.52,154.48,154.5,154.52,154.55,154.49,154.51
02/01/2022,14:47,154.5,154.5,154.48,154.48,154.52,154.52,154.49,154.49
02/01/2022,14:48,154.5,154.51,154.46,154.46,154.51,154.52,154.48,154.48
02/01/2022,14:49,154.48,154.48,154.47,154.47,154.52,154.52,154.48,154.49
02/01/2022,14:50,154.48,154.49,154.41,154.41,154.5,154.52,154.42,154.42
02/01/2022,14:51,154.41,154.46,154.41,154.44,154.42,154.47,154.42,154.46
02/01/2022,14:52,154.45,154.47,154.45,154.47,154.47,154.5,154.47,154.5
02/01/2022,14:53,154.48,154.48,154.46,154.46,154.5,154.5,154.48,154.48
02/01/2022,14:54,154.48,154.49,154.47,154.49,154.49,154.51,154.49,154.51
02/01/2022,14:55,154.49,154.5,154.49,154.5,154.52,154.52,154.51,154.52
02/01/2022,14:56,154.52,154.54,154.51,154.51,154.53,154.56,154.52,154.53
02/01/2022,14:57,154.5,154.5,154.45,154.48,154.53,154.53,154.46,154.51
02/01/2022,14:58,154.49,154.55,154.49,154.55,154.53,154.57,154.53,154.57
02/01/2022,14:59,154.55,154.55,154.54,154.54,154.55,154.56,154.55,154.55
02/01/2022,15:00,154.53,154.61,154.5,154.61,154.54,154.64,154.52,154.64
02/01/2022,15:01,154.6,154.66,154.6,154.64,154.63,154.68,154.63,154.65
02/01/2022,15:02,154.67,154.73,154.67,154.73,154.7,154.77,154.7,154.74
02/01/2022,15:03,154.73,154.75,154.71,154.75,154.75,154.76,154.73,154.76
02/01/2022,15:04,154.75,154.84,154.75,154.83,154.78,154.86,154.78,154.86
02/01/2022,15:05,154.83,154.84,154.74,154.84,154.85,154.85,154.75,154.85
02/01/2022,15:06,154.82,154.88,154.82,154.87,154.84,154.91,154.84,154.9
02/01/2022,15:07,154.89,154.89,154.75,154.79,154.91,154.91,154.77,154.82
02/01/2022,15:08,154.8,154.86,154.8,154.84,154.82,154.88,154.82,154.85
02/01/2022,15:09,154.86,154.86,154.86,154.86,154.89,154.89,154.88,154.88
02/01/2022,15:10,154.89,154.89,154.86,154.86,154.91,154.91,154.87,154.87
02/01/2022,15:11,154.86,154.86,154.81,154.83,154.86,154.86,154.84,154.86
02/01/2022,15:12,154.85,154.88,154.85,154.86,154.87,154.89,154.87,154.89
02/01/2022,15:13,154.83,154.84,154.79,154.82,154.86,154.87,154.81,154.85
02/01/2022,15:14,154.84,154.86,154.84,154.85,154.87,154.87,154.85,154.86
02/01/2022,15:15,154.83,154.85,154.79,154.79,154.85,154.88,154.81,154.82
02/01/2022,15:16,154.8,154.8,154.79,154.79,154.83,154.83,154.81,154.81
02/01/2022,15:17,154.79,154.84,154.79,154.84,154.82,154.87,154.82,154.87
02/01/2022,15:18,154.88,154.88,154.86,154.87,154.9,154.91,154.88,154.89
02/01/2022,15:19,154.86,154.89,154.85,154.89,154.86,154.91,154.86,154.91
02/01/2022,15:20,154.9,154.94,154.88,154.91,154.93,154.96,154.9,154.93
02/01/2022,15:21,154.93,154.95,154.91,154.94,154.95,154.98,154.92,154.95
02/01/2022,15:22,154.94,154.96,154.93,154.96,154.95,154.97,154.94,154.97
02/01/2022,15:23,154.95,154.96,154.94,154.94,154.96,154.98,154.95,154.97
02/01/2022,15:24,154.92,154.98,154.92,154.98,154.94,155.01,154.94,155.01
02/01/2022,15:25,155.01,155.01,154.92,154.92,155.03,155.03,154.95,154.96
02/01/2022,15:26,154.93,154.99,154.93,154.98,154.95,155.02,154.94,155.01
02/01/2022,15:27,155.0,155.0,154.96,154.98,155.03,155.03,154.99,154.99
02/01/2022,15:28,154.99,155.08,154.99,155.08,155.0,155.1,155.0,155.1
02/01/2022,15:29,155.09,155.09,155.05,155.05,155.12,155.12,155.06,155.06
02/01/2022,15:30,155.04,155.12,155.04,155.1,155.06,155.15,155.06,155.12
02/01/2022,15:31,155.13,155.13,155.09,155.12,155.15,155.15,155.1,155.14
02/01/2022,15:32,155.09,155.15,155.09,155.12,155.12,155.17,155.1,155.15
02/01/2022,15:33,155.1,155.1,155.07,155.08,155.13,155.13,155.08,155.11
02/01/2022,15:34,155.08,155.09,155.08,155.08,155.11,155.12,155.09,155.11
02/01/2022,15:35,155.09,155.09,155.04,155.06,155.11,155.11,155.05,155.09
02/01/2022,15:36,155.1,155.14,155.09,155.12,155.11,155.16,155.11,155.14
02/01/2022,15:37,155.09,155.09,155.06,155.06,155.1,155.1,155.08,155.08
02/01/2022,15:38,155.07,155.07,154.93,154.93,155.1,155.1,154.96,154.96
02/01/2022,15:39,154.95,154.95,154.89,154.89,154.96,154.96,154.9,154.91
02/01/2022,15:40,154.93,154.94,154.9,154.94,154.95,154.95,154.92,154.95
02/01/2022,15:41,154.97,154.98,154.97,154.98,154.99,155.01,154.99,155.01
02/01/2022,15:42,155.04,155.04,155.02,155.02,155.06,155.06,155.04,155.04
02/01/2022,15:43,155.08,155.08,155.07,155.07,155.09,155.09,155.08,155.08
02/01/2022,15:44,155.11,155.13,155.11,155.11,155.15,155.15,155.12,155.13
02/01/2022,15:45,155.12,155.21,155.1,155.2,155.13,155.23,155.11,155.21
02/01/2022,15:46,155.21,155.21,155.12,155.14,155.24,155.24,155.15,155.16
02/01/2022,15:47,155.12,155.17,155.1,155.17,155.13,155.2,155.11,155.2
02/01/2022,15:48,155.17,155.22,155.15,155.22,155.2,155.24,155.17,155.24
02/01/2022,15:49,155.21,155.25,155.2,155.23,155.22,155.27,155.2,155.26
02/01/2022,15:50,155.29,155.32,155.23,155.27,155.37,155.37,155.26,155.3
02/01/2022,15:51,155.3,155.33,155.28,155.3,155.32,155.34,155.29,155.33
02/01/2022,15:52,155.27,155.27,155.21,155.24,155.31,155.31,155.23,155.26
02/01/2022,15:53,155.25,155.28,155.24,155.27,155.27,155.29,155.26,155.29
02/01/2022,15:54,155.28,155.33,155.27,155.28,155.29,155.35,155.29,155.3
02/01/2022,15:55,155.28,155.31,155.26,155.3,155.31,155.32,155.28,155.32
02/01/2022,15:56,155.27,155.29,155.2,155.28,155.29,155.31,155.23,155.3
02/01/2022,15:57,155.25,155.26,155.23,155.25,155.28,155.29,155.25,155.26
02/01/2022,15:58,155.24,155.27,155.22,155.26,155.25,155.29,155.24,155.27
02/01/2022,15:59,155.26,155.26,155.08,155.08,155.27,155.28,155.13,155.16
02/01/2022,16:00,155.08,155.08,155.08,155.08,155.16,155.16,155.16,155.16
