02/07/2022,09:30,154.36,154.5,154.36,154.43,154.48,154.59,154.46,154.51
02/07/2022,09:31,154.38,154.38,154.17,154.17,154.46,154.46,154.25,154.25
02/07/2022,09:32,154.15,154.15,154.15,154.15,154.22,154.22,154.22,154.22
02/07/2022,09:33,154.18,154.27,154.08,154.13,154.24,154.33,154.12,154.2
02/07/2022,09:34,154.13,154.13,153.93,153.96,154.16,154.16,153.97,153.97
02/07/2022,09:35,154.06,154.11,154.06,154.11,154.12,154.15,154.12,154.14
02/07/2022,09:36,154.1,154.1,154.01,154.09,154.14,154.15,154.04,154.15
02/07/2022,09:37,154.06,154.06,153.98,154.02,154.11,154.11,154.04,154.07
02/07/2022,09:38,154.04,154.12,154.02,154.09,154.09,154.16,154.04,154.14
02/07/2022,09:39,154.11,154.17,154.07,154.07,154.16,154.23,154.09,154.09
02/07/2022,09:40,154.07,154.08,153.97,153.99,154.11,154.12,154.0,154.04
02/07/2022,09:41,153.99,154.09,153.99,154.07,154.05,154.14,154.04,154.11
02/07/2022,09:42,154.1,154.14,154.03,154.1,154.13,154.18,154.06,154.14
02/07/2022,09:43,154.08,154.08,153.98,153.99,154.09,154.1,154.01,154.01
02/07/2022,09:44,154.01,154.01,153.89,153.96,154.02,154.02,153.91,153.97
02/07/2022,09:45,153.97,154.06,153.92,154.06,154.01,154.1,153.95,154.1
02/07/2022,09:46,154.07,154.08,154.0,154.01,154.1,154.11,154.02,154.03
02/07/2022,09:47,154.03,154.03,153.91,153.91,154.05,154.05,153.93,153.93
02/07/2022,09:48,153.94,153.97,153.92,153.94,153.98,153.99,153.93,153.97
02/07/2022,09:49,153.98,153.99,153.93,153.96,153.99,154.01,153.94,153.98
02/07/2022,09:50,154.03,154.07,153.99,154.05,154.05,154.09,154.02,154.07
02/07/2022,09:51,154.06,154.13,154.04,154.13,154.07,154.17,154.05,154.17
02/07/2022,09:52,154.23,154.29,154.22,154.27,154.27,154.32,154.24,154.31
02/07/2022,09:53,154.23,154.23,154.14,154.15,154.26,154.26,154.16,154.17
02/07/2022,09:54,154.25,154.25,154.18,154.24,154.28,154.28,154.2,154.25
02/07/2022,09:55,154.31,154.31,154.26,154.28,154.33,154.33,154.27,154.32
02/07/2022,09:56,154.29,154.3,154.22,154.22,154.33,154.33,154.24,154.26
02/07/2022,09:57,154.21,154.22,153.98,153.98,154.23,154.24,154.0,154.02
02/07/2022,09:58,154.07,154.1,154.07,154.1,154.11,154.14,154.11,154.14
02/07/2022,09:59,154.1,154.22,154.1,154.21,154.13,154.24,154.13,154.23
02/07/2022,10:00,154.24,154.31,154.24,154.31,154.27,154.34,154.27,154.33
02/07/2022,10:01,154.23,154.25,154.19,154.21,154.26,154.28,154.22,154.26
02/07/2022,10:02,154.21,154.26,154.18,154.26,154.26,154.3,154.22,154.3
02/07/2022,10:03,154.26,154.27,154.22,154.22,154.27,154.3,154.25,154.25
02/07/2022,10:04,154.22,154.29,154.22,154.27,154.27,154.32,154.27,154.3
02/07/2022,10:05,154.28,154.46,154.28,154.46,154.32,154.49,154.32,154.49
02/07/2022,10:06,154.46,154.46,154.38,154.4,154.5,154.5,154.41,154.43
02/07/2022,10:07,154.4,154.4,154.31,154.31,154.43,154.43,154.32,154.32
02/07/2022,10:08,154.3,154.32,154.26,154.31,154.32,154.36,154.29,154.34
02/07/2022,10:09,154.32,154.32,154.28,154.28,154.35,154.35,154.31,154.31
02/07/2022,10:10,154.3,154.3,154.27,154.27,154.31,154.33,154.29,154.29
02/07/2022,10:11,154.22,154.22,154.13,154.13,154.25,154.25,154.16,154.16
02/07/2022,10:12,154.09,154.09,154.01,154.07,154.11,154.13,154.05,154.09
02/07/2022,10:13,154.04,154.05,154.04,154.05,154.07,154.07,154.07,154.07
02/07/2022,10:14,154.05,154.05,154.02,154.03,154.06,154.07,154.05,154.06
02/07/2022,10:15,154.02,154.04,154.02,154.04,154.05,154.05,154.05,154.05
02/07/2022,10:16,154.05,154.13,154.04,154.13,154.08,154.16,154.05,154.16
02/07/2022,10:17,154.12,154.13,154.11,154.11,154.13,154.16,154.13,154.14
02/07/2022,10:18,154.11,154.13,154.11,154.11,154.14,154.15,154.13,154.13
02/07/2022,10:19,154.12,154.13,154.1,154.1,154.15,154.16,154.11,154.11
02/07/2022,10:20,154.1,154.15,154.07,154.14,154.13,154.18,154.09,154.18
02/07/2022,10:21,154.18,154.26,154.18,154.26,154.22,154.29,154.22,154.29
02/07/2022,10:22,154.23,154.32,154.23,154.32,154.26,154.35,154.26,154.35
02/07/2022,10:23,154.34,154.34,154.34,154.34,154.37,154.37,154.37,154.37
02/07/2022,10:24,154.42,154.45,154.42,154.43,154.43,154.49,154.43,154.44
02/07/2022,10:25,154.42,154.48,154.42,154.46,154.43,154.52,154.43,154.47
02/07/2022,10:26,154.44,154.44,154.44,154.44,154.47,154.47,154.47,154.47
02/07/2022,10:27,154.42,154.44,154.4,154.44,154.44,154.46,154.42,154.46
02/07/2022,10:28,154.41,154.47,154.41,154.46,154.44,154.49,154.44,154.49
02/07/2022,10:29,154.44,154.45,154.44,154.45,154.48,154.49,154.47,154.47
02/07/2022,10:30,154.44,154.44,154.39,154.39,154.45,154.45,154.41,154.41
02/07/2022,10:31,154.43,154.45,154.42,154.45,154.44,154.48,154.44,154.48
02/07/2022,10:32,154.52,154.59,154.52,154.59,154.53,154.61,154.53,154.61
02/07/2022,10:33,154.62,154.7,154.62,154.7,154.64,154.74,154.64,154.74
02/07/2022,10:34,154.75,154.81,154.75,154.81,154.76,154.84,154.76,154.84
02/07/2022,10:35,154.81,154.81,154.78,154.78,154.85,154.85,154.79,154.79
02/07/2022,10:36,154.78,154.78,154.74,154.74,154.8,154.8,154.76,154.77
02/07/2022,10:37,154.75,154.75,154.75,154.75,154.77,154.77,154.77,154.77
02/07/2022,10:38,154.73,154.73,154.73,154.73,154.74,154.74,154.74,154.74
02/07/2022,10:39,154.74,154.74,154.71,154.71,154.75,154.75,154.72,154.72
02/07/2022,10:40,154.69,154.69,154.62,154.62,154.71,154.71,154.63,154.63
02/07/2022,10:41,154.59,154.59,154.46,154.47,154.62,154.62,154.47,154.47
02/07/2022,10:42,154.53,154.54,154.51,154.51,154.56,154.56,154.52,154.52
02/07/2022,10:44,154.5,154.53,154.48,154.53,154.53,154.55,154.51,154.54
02/07/2022,10:45,154.54,154.55,154.54,154.55,154.55,154.58,154.55,154.58
02/07/2022,10:46,154.59,154.59,154.59,154.59,154.6,154.6,154.6,154.6
02/07/2022,10:47,154.61,154.61,154.6,154.61,154.61,154.65,154.61,154.64
02/07/2022,10:48,154.6,154.6,154.57,154.57,154.63,154.63,154.58,154.58
02/07/2022,10:49,154.57,154.58,154.57,154.58,154.6,154.62,154.6,154.62
02/07/2022,10:50,154.56,154.56,154.53,154.53,154.57,154.58,154.56,154.56
02/07/2022,10:51,154.49,154.49,154.49,154.49,154.52,154.52,154.52,154.52
02/07/2022,10:52,154.61,154.61,154.6,154.6,154.63,154.63,154.62,154.62
02/07/2022,10:53,154.59,154.59,154.56,154.56,154.61,154.61,154.57,154.57
02/07/2022,10:54,154.57,154.57,154.57,154.57,154.58,154.58,154.58,154.58
02/07/2022,10:55,154.57,154.57,154.54,154.57,154.58,154.61,154.57,154.61
02/07/2022,10:56,154.58,154.64,154.57,154.64,154.61,154.66,154.58,154.66
02/07/2022,10:57,154.63,154.64,154.6,154.6,154.66,154.67,154.62,154.63
02/07/2022,10:58,154.59,154.6,154.59,154.6,154.6,154.62,154.6,154.62
02/07/2022,10:59,154.57,154.6,154.57,154.6,154.6,154.62,154.6,154.62
02/07/2022,11:00,154.61,154.61,154.59,154.61,154.64,154.64,154.62,154.64
02/07/2022,11:01,154.65,154.65,154.61,154.61,154.68,154.68,154.63,154.64
02/07/2022,11:02,154.55,154.55,154.55,154.55,154.58,154.58,154.56,154.56
02/07/2022,11:03,154.55,154.55,154.54,154.54,154.57,154.57,154.56,154.56
02/07/2022,11:04,154.53,154.53,154.38,154.44,154.54,154.54,154.4,154.47
02/07/2022,11:05,154.46,154.49,154.43,154.45,154.47,154.51,154.44,154.46
02/07/2022,11:06,154.46,154.53,154.45,154.5,154.47,154.54,154.47,154.51
02/07/2022,11:07,154.49,154.52,154.47,154.52,154.5,154.55,154.49,154.55
02/07/2022,11:08,154.54,154.54,154.47,154.47,154.55,154.55,154.5,154.5
02/07/2022,11:09,154.47,154.47,154.38,154.39,154.49,154.49,154.4,154.4
02/07/2022,11:10,154.41,154.47,154.41,154.47,154.42,154.5,154.42,154.5
02/07/2022,11:11,154.52,154.53,154.5,154.53,154.55,154.56,154.51,154.56
02/07/2022,11:12,154.49,154.51,154.49,154.51,154.51,154.53,154.51,154.53
02/07/2022,11:13,154.51,154.51,154.48,154.49,154.52,154.52,154.5,154.5
02/07/2022,11:14,154.5,154.56,154.5,154.56,154.53,154.58,154.53,154.58
02/07/2022,11:15,154.54,154.55,154.52,154.53,154.55,154.57,154.54,154.54
02/07/2022,11:16,154.57,154.57,154.54,154.54,154.59,154.59,154.56,154.56
02/07/2022,11:17,154.52,154.54,154.52,154.52,154.54,154.55,154.54,154.55
02/07/2022,11:18,154.56,154.56,154.56,154.56,154.57,154.57,154.57,154.57
02/07/2022,11:19,154.67,154.68,154.65,154.68,154.68,154.7,154.67,154.69
02/07/2022,11:20,154.68,154.68,154.61,154.61,154.69,154.71,154.62,154.62
02/07/2022,11:21,154.62,154.66,154.6,154.66,154.64,154.68,154.61,154.68
02/07/2022,11:22,154.68,154.68,154.65,154.67,154.71,154.71,154.66,154.69
02/07/2022,11:23,154.66,154.66,154.63,154.66,154.66,154.67,154.65,154.67
02/07/2022,11:24,154.68,154.68,154.68,154.68,154.68,154.68,154.68,154.68
02/07/2022,11:25,154.71,154.79,154.71,154.78,154.74,154.82,154.74,154.79
02/07/2022,11:26,154.78,154.8,154.76,154.79,154.79,154.81,154.78,154.8
02/07/2022,11:27,154.79,154.8,154.76,154.79,154.8,154.81,154.78,154.8
02/07/2022,11:28,154.75,154.77,154.75,154.77,154.78,154.8,154.78,154.8
02/07/2022,11:29,154.74,154.74,154.69,154.69,154.75,154.75,154.71,154.71
02/07/2022,11:30,154.71,154.71,154.66,154.69,154.72,154.72,154.68,154.7
02/07/2022,11:31,154.71,154.71,154.69,154.69,154.72,154.73,154.7,154.7
02/07/2022,11:32,154.69,154.69,154.55,154.55,154.71,154.71,154.56,154.56
02/07/2022,11:33,154.56,154.61,154.56,154.59,154.59,154.62,154.57,154.61
02/07/2022,11:34,154.58,154.58,154.54,154.55,154.59,154.59,154.56,154.57
02/07/2022,11:35,154.53,154.6,154.53,154.59,154.55,154.61,154.55,154.61
02/07/2022,11:36,154.57,154.62,154.55,154.62,154.59,154.64,154.57,154.64
02/07/2022,11:37,154.62,154.63,154.62,154.62,154.63,154.65,154.63,154.63
02/07/2022,11:38,154.61,154.61,154.41,154.42,154.62,154.62,154.44,154.45
02/07/2022,11:39,154.44,154.44,154.34,154.34,154.45,154.45,154.36,154.36
02/07/2022,11:41,154.32,154.39,154.32,154.39,154.34,154.41,154.34,154.41
02/07/2022,11:42,154.4,154.4,154.38,154.38,154.43,154.43,154.4,154.4
02/07/2022,11:43,154.38,154.41,154.34,154.34,154.41,154.43,154.36,154.36
02/07/2022,11:44,154.26,154.29,154.26,154.29,154.27,154.31,154.27,154.31
02/07/2022,11:45,154.38,154.38,154.35,154.35,154.39,154.39,154.36,154.36
02/07/2022,11:46,154.29,154.29,154.29,154.29,154.33,154.33,154.33,154.33
02/07/2022,11:47,154.31,154.31,154.28,154.29,154.34,154.34,154.31,154.33
02/07/2022,11:48,154.3,154.33,154.28,154.33,154.33,154.36,154.3,154.36
02/07/2022,11:49,154.34,154.34,154.34,154.34,154.37,154.37,154.36,154.36
02/07/2022,11:50,154.39,154.42,154.39,154.42,154.42,154.45,154.41,154.45
02/07/2022,11:51,154.41,154.41,154.39,154.39,154.43,154.44,154.41,154.41
02/07/2022,11:52,154.42,154.42,154.38,154.38,154.44,154.44,154.41,154.41
02/07/2022,11:53,154.39,154.4,154.39,154.4,154.42,154.42,154.41,154.41
02/07/2022,11:54,154.35,154.42,154.35,154.4,154.36,154.44,154.36,154.41
02/07/2022,11:55,154.4,154.43,154.4,154.42,154.43,154.44,154.42,154.44
02/07/2022,11:56,154.43,154.46,154.39,154.46,154.44,154.49,154.42,154.49
02/07/2022,11:57,154.46,154.56,154.46,154.54,154.48,154.57,154.48,154.56
02/07/2022,11:58,154.54,154.57,154.53,154.56,154.55,154.59,154.54,154.57
02/07/2022,11:59,154.57,154.6,154.55,154.56,154.59,154.61,154.57,154.57
02/07/2022,12:00,154.55,154.56,154.44,154.44,154.57,154.58,154.46,154.46
02/07/2022,12:01,154.43,154.43,154.35,154.35,154.44,154.44,154.37,154.37
02/07/2022,12:02,154.36,154.41,154.36,154.39,154.38,154.43,154.38,154.39
02/07/2022,12:03,154.39,154.39,154.37,154.37,154.4,154.4,154.39,154.39
02/07/2022,12:04,154.43,154.45,154.43,154.45,154.45,154.47,154.45,154.47
02/07/2022,12:05,154.43,154.43,154.38,154.38,154.46,154.46,154.4,154.4
02/07/2022,12:06,154.38,154.38,154.38,154.38,154.4,154.4,154.4,154.4
02/07/2022,12:08,154.34,154.34,154.31,154.31,154.37,154.37,154.32,154.32
02/07/2022,12:09,154.29,154.29,154.23,154.23,154.3,154.3,154.24,154.25
02/07/2022,12:10,154.28,154.28,154.24,154.24,154.3,154.3,154.26,154.26
02/07/2022,12:11,154.2,154.29,154.2,154.29,154.23,154.31,154.23,154.31
02/07/2022,12:12,154.27,154.27,154.24,154.26,154.28,154.29,154.26,154.29
02/07/2022,12:13,154.3,154.3,154.3,154.3,154.31,154.32,154.31,154.31
02/07/2022,12:14,154.3,154.3,154.27,154.27,154.32,154.32,154.28,154.28
02/07/2022,12:15,154.26,154.3,154.26,154.3,154.28,154.33,154.28,154.33
02/07/2022,12:16,154.33,154.34,154.32,154.33,154.34,154.36,154.34,154.36
02/07/2022,12:17,154.35,154.35,154.34,154.34,154.36,154.36,154.36,154.36
02/07/2022,12:18,154.36,154.38,154.34,154.34,154.39,154.39,154.35,154.35
02/07/2022,12:19,154.32,154.32,154.32,154.32,154.34,154.34,154.34,154.34
02/07/2022,12:20,154.31,154.38,154.31,154.38,154.32,154.4,154.32,154.4
02/07/2022,12:21,154.37,154.41,154.37,154.41,154.39,154.42,154.39,154.42
02/07/2022,12:22,154.4,154.4,154.38,154.39,154.41,154.42,154.39,154.42
02/07/2022,12:23,154.4,154.42,154.4,154.41,154.41,154.43,154.41,154.42
02/07/2022,12:24,154.43,154.44,154.38,154.38,154.44,154.45,154.39,154.39
02/07/2022,12:25,154.39,154.41,154.36,154.38,154.41,154.43,154.38,154.39
02/07/2022,12:26,154.39,154.39,154.34,154.34,154.4,154.41,154.35,154.35
02/07/2022,12:27,154.33,154.33,154.33,154.33,154.34,154.34,154.34,154.34
02/07/2022,12:28,154.31,154.31,154.31,154.31,154.32,154.33,154.32,154.33
02/07/2022,12:29,154.26,154.26,154.24,154.24,154.28,154.28,154.25,154.25
02/07/2022,12:30,154.24,154.24,154.15,154.22,154.25,154.25,154.16,154.24
02/07/2022,12:31,154.29,154.29,154.29,154.29,154.32,154.32,154.32,154.32
02/07/2022,12:32,154.33,154.36,154.33,154.36,154.34,154.38,154.34,154.38
02/07/2022,12:33,154.32,154.32,154.3,154.3,154.35,154.35,154.33,154.33
02/07/2022,12:34,154.34,154.34,154.34,154.34,154.36,154.36,154.36,154.36
02/07/2022,12:35,154.38,154.38,154.38,154.38,154.41,154.41,154.41,154.41
02/07/2022,12:36,154.41,154.43,154.4,154.41,154.42,154.44,154.41,154.42
02/07/2022,12:37,154.41,154.41,154.36,154.36,154.42,154.42,154.39,154.39
02/07/2022,12:38,154.36,154.36,154.28,154.28,154.38,154.38,154.3,154.3
02/07/2022,12:39,154.29,154.29,154.23,154.26,154.3,154.3,154.25,154.27
02/07/2022,12:40,154.3,154.3,154.3,154.3,154.31,154.31,154.31,154.31
02/07/2022,12:42,154.41,154.43,154.4,154.41,154.42,154.44,154.41,154.43
02/07/2022,12:43,154.42,154.44,154.42,154.44,154.43,154.45,154.43,154.44
02/07/2022,12:44,154.45,154.47,154.43,154.43,154.46,154.48,154.45,154.45
02/07/2022,12:45,154.43,154.48,154.43,154.46,154.44,154.49,154.44,154.48
02/07/2022,12:46,154.45,154.52,154.43,154.52,154.46,154.54,154.46,154.54
02/07/2022,12:47,154.53,154.53,154.51,154.51,154.54,154.56,154.52,154.52
02/07/2022,12:48,154.5,154.5,154.49,154.5,154.51,154.52,154.5,154.52
02/07/2022,12:49,154.49,154.52,154.49,154.52,154.52,154.53,154.52,154.53
02/07/2022,12:50,154.49,154.54,154.49,154.54,154.52,154.55,154.52,154.55
02/07/2022,12:51,154.53,154.53,154.44,154.47,154.53,154.53,154.47,154.48
02/07/2022,12:52,154.46,154.47,154.46,154.47,154.49,154.5,154.49,154.5
02/07/2022,12:53,154.46,154.52,154.46,154.51,154.49,154.53,154.49,154.53
02/07/2022,12:54,154.49,154.51,154.47,154.49,154.52,154.53,154.49,154.5
02/07/2022,12:55,154.52,154.52,154.47,154.47,154.53,154.54,154.48,154.48
02/07/2022,12:56,154.46,154.48,154.46,154.46,154.47,154.49,154.47,154.48
02/07/2022,12:57,154.45,154.45,154.43,154.44,154.47,154.47,154.45,154.45
02/07/2022,12:58,154.43,154.43,154.41,154.42,154.44,154.44,154.42,154.44
02/07/2022,12:59,154.43,154.43,154.43,154.43,154.45,154.45,154.45,154.45
02/07/2022,13:00,154.43,154.43,154.4,154.4,154.44,154.44,154.41,154.41
02/07/2022,13:01,154.41,154.49,154.41,154.49,154.44,154.51,154.44,154.51
02/07/2022,13:02,154.55,154.55,154.53,154.53,154.57,154.57,154.54,154.54
02/07/2022,13:03,154.55,154.58,154.55,154.55,154.56,154.59,154.56,154.56
02/07/2022,13:05,154.52,154.53,154.52,154.53,154.55,154.55,154.55,154.55
02/07/2022,13:06,154.55,154.55,154.55,154.55,154.58,154.58,154.58,154.58
02/07/2022,13:07,154.62,154.64,154.6,154.61,154.65,154.65,154.63,154.64
02/07/2022,13:08,154.6,154.63,154.6,154.63,154.62,154.64,154.62,154.64
02/07/2022,13:09,154.64,154.65,154.6,154.65,154.65,154.67,154.61,154.67
02/07/2022,13:10,154.66,154.66,154.66,154.66,154.69,154.69,154.66,154.66
02/07/2022,13:11,154.67,154.7,154.67,154.69,154.7,154.72,154.7,154.7
02/07/2022,13:12,154.73,154.73,154.73,154.73,154.74,154.75,154.74,154.75
02/07/2022,13:13,154.79,154.79,154.74,154.77,154.8,154.8,154.77,154.78
02/07/2022,13:14,154.78,154.79,154.76,154.78,154.8,154.8,154.78,154.79
02/07/2022,13:15,154.73,154.77,154.73,154.76,154.76,154.78,154.76,154.77
02/07/2022,13:16,154.75,154.75,154.72,154.72,154.77,154.77,154.74,154.74
02/07/2022,13:17,154.69,154.69,154.66,154.68,154.71,154.72,154.67,154.7
02/07/2022,13:18,154.69,154.69,154.69,154.69,154.71,154.71,154.71,154.71
02/07/2022,13:19,154.69,154.69,154.69,154.69,154.7,154.7,154.7,154.7
02/07/2022,13:20,154.68,154.69,154.66,154.68,154.69,154.71,154.68,154.69
02/07/2022,13:21,154.67,154.71,154.67,154.71,154.69,154.72,154.69,154.72
02/07/2022,13:22,154.71,154.71,154.71,154.71,154.74,154.74,154.74,154.74
02/07/2022,13:23,154.74,154.74,154.73,154.73,154.75,154.75,154.74,154.74
02/07/2022,13:24,154.71,154.71,154.65,154.67,154.73,154.73,154.68,154.68
02/07/2022,13:25,154.71,154.71,154.71,154.71,154.72,154.72,154.72,154.72
02/07/2022,13:26,154.7,154.7,154.64,154.64,154.71,154.71,154.68,154.68
02/07/2022,13:27,154.69,154.7,154.69,154.7,154.71,154.72,154.7,154.72
02/07/2022,13:28,154.74,154.78,154.74,154.78,154.77,154.81,154.77,154.81
02/07/2022,13:29,154.77,154.77,154.77,154.77,154.78,154.79,154.78,154.79
02/07/2022,13:30,154.82,154.82,154.81,154.81,154.84,154.84,154.82,154.82
02/07/2022,13:31,154.88,154.88,154.86,154.86,154.89,154.89,154.87,154.87
02/07/2022,13:32,154.88,154.88,154.85,154.88,154.89,154.89,154.88,154.89
02/07/2022,13:33,154.87,154.89,154.86,154.86,154.88,154.9,154.87,154.88
02/07/2022,13:34,154.85,154.85,154.85,154.85,154.87,154.87,154.87,154.87
02/07/2022,13:35,154.87,154.88,154.87,154.88,154.88,154.89,154.88,154.89
02/07/2022,13:36,154.87,154.89,154.87,154.87,154.88,154.9,154.88,154.9
02/07/2022,13:37,154.84,154.86,154.84,154.85,154.86,154.87,154.86,154.87
02/07/2022,13:39,154.9,154.9,154.9,154.9,154.91,154.91,154.91,154.91
02/07/2022,13:40,154.9,154.93,154.9,154.93,154.91,154.95,154.91,154.95
02/07/2022,13:41,154.94,154.94,154.94,154.94,154.95,154.95,154.95,154.95
02/07/2022,13:42,154.9,154.9,154.88,154.88,154.92,154.92,154.9,154.9
02/07/2022,13:43,154.91,154.91,154.91,154.91,154.92,154.92,154.92,154.92
02/07/2022,13:44,154.9,154.9,154.87,154.9,154.91,154.92,154.89,154.91
02/07/2022,13:45,154.9,154.9,154.89,154.9,154.91,154.93,154.9,154.93
02/07/2022,13:46,154.93,154.93,154.87,154.87,154.94,154.94,154.88,154.88
02/07/2022,13:47,154.85,154.85,154.83,154.83,154.88,154.88,154.86,154.86
02/07/2022,13:48,154.82,154.82,154.8,154.8,154.83,154.83,154.82,154.82
02/07/2022,13:49,154.83,154.83,154.8,154.8,154.83,154.83,154.81,154.83
02/07/2022,13:50,154.81,154.82,154.78,154.82,154.83,154.83,154.8,154.83
02/07/2022,13:51,154.85,154.85,154.85,154.85,154.88,154.88,154.88,154.88
02/07/2022,13:52,154.9,154.9,154.89,154.89,154.91,154.91,154.91,154.91
02/07/2022,13:53,154.87,154.87,154.86,154.86,154.88,154.9,154.88,154.89
02/07/2022,13:54,154.88,154.88,154.84,154.84,154.89,154.89,154.86,154.86
02/07/2022,13:55,154.87,154.87,154.85,154.86,154.88,154.88,154.86,154.88
02/07/2022,13:56,154.88,154.88,154.88,154.88,154.9,154.91,154.9,154.91
02/07/2022,13:58,154.96,154.96,154.96,154.96,154.97,154.97,154.97,154.97
02/07/2022,13:59,155.0,155.0,154.96,154.96,155.01,155.01,154.98,154.98
02/07/2022,14:00,154.94,154.94,154.94,154.94,154.96,154.96,154.96,154.96
02/07/2022,14:01,154.91,154.91,154.9,154.9,154.92,154.92,154.91,154.92
02/07/2022,14:02,154.88,154.91,154.88,154.91,154.91,154.92,154.91,154.92
02/07/2022,14:03,154.91,154.91,154.89,154.91,154.92,154.93,154.9,154.92
02/07/2022,14:04,154.94,154.96,154.93,154.95,154.95,154.97,154.95,154.96
02/07/2022,14:05,154.94,154.94,154.92,154.92,154.95,154.95,154.94,154.94
02/07/2022,14:06,154.94,154.94,154.93,154.93,154.95,154.95,154.94,154.94
02/07/2022,14:07,154.93,154.98,154.93,154.93,154.94,154.99,154.94,154.95
02/07/2022,14:08,154.91,154.91,154.85,154.85,154.93,154.93,154.87,154.87
02/07/2022,14:09,154.88,154.88,154.84,154.84,154.9,154.9,154.85,154.85
02/07/2022,14:10,154.87,154.87,154.86,154.87,154.88,154.88,154.87,154.88
02/07/2022,14:11,154.88,154.88,154.88,154.88,154.91,154.91,154.91,154.91
02/07/2022,14:12,154.92,154.92,154.92,154.92,154.94,154.94,154.94,154.94
02/07/2022,14:13,154.91,154.91,154.89,154.89,154.92,154.92,154.91,154.91
02/07/2022,14:14,154.91,154.93,154.91,154.92,154.92,154.94,154.92,154.93
02/07/2022,14:15,154.92,154.93,154.9,154.93,154.93,154.95,154.92,154.94
02/07/2022,14:16,154.92,155.05,154.92,155.04,154.95,155.06,154.95,155.05
02/07/2022,14:17,155.07,155.07,155.05,155.06,155.09,155.09,155.06,155.07
02/07/2022,14:18,155.06,155.06,155.03,155.03,155.07,155.08,155.04,155.04
02/07/2022,14:19,155.02,155.03,155.01,155.03,155.03,155.05,155.02,155.05
02/07/2022,14:20,155.08,155.08,155.08,155.08,155.1,155.1,155.1,155.1
02/07/2022,14:21,155.05,155.06,155.05,155.06,155.06,155.07,155.06,155.07
02/07/2022,14:22,155.04,155.04,155.03,155.03,155.05,155.05,155.04,155.04
02/07/2022,14:23,154.95,154.97,154.95,154.97,154.98,154.98,154.98,154.98
02/07/2022,14:25,155.01,155.01,155.01,155.01,155.03,155.03,155.03,155.03
02/07/2022,14:26,154.99,155.01,154.97,155.01,154.99,155.03,154.99,155.02
02/07/2022,14:27,155.04,155.05,155.04,155.05,155.06,155.07,155.06,155.07
02/07/2022,14:28,155.07,155.08,155.07,155.07,155.08,155.09,155.08,155.08
02/07/2022,14:29,155.09,155.12,155.09,155.12,155.1,155.14,155.1,155.14
02/07/2022,14:30,155.14,155.16,155.1,155.1,155.15,155.17,155.11,155.11
02/07/2022,14:31,155.1,155.1,155.1,155.1,155.12,155.12,155.12,155.12
02/07/2022,14:32,155.1,155.1,155.09,155.09,155.12,155.12,155.12,155.12
02/07/2022,14:33,155.09,155.12,155.09,155.12,155.11,155.14,155.11,155.14
02/07/2022,14:34,155.16,155.16,155.16,155.16,155.17,155.18,155.17,155.18
02/07/2022,14:35,155.17,155.17,155.16,155.16,155.18,155.18,155.17,155.17
02/07/2022,14:37,155.21,155.21,155.21,155.21,155.22,155.23,155.22,155.23
02/07/2022,14:38,155.23,155.23,155.14,155.14,155.24,155.24,155.17,155.17
02/07/2022,14:39,155.14,155.15,155.14,155.15,155.16,155.17,155.16,155.17
02/07/2022,14:40,155.14,155.14,155.14,155.14,155.16,155.16,155.16,155.16
02/07/2022,14:42,155.19,155.19,155.19,155.19,155.22,155.22,155.22,155.22
02/07/2022,14:43,155.24,155.24,155.23,155.23,155.25,155.25,155.25,155.25
02/07/2022,14:44,155.24,155.24,155.21,155.23,155.26,155.26,155.23,155.25
02/07/2022,14:45,155.25,155.25,155.23,155.23,155.26,155.26,155.25,155.25
02/07/2022,14:46,155.18,155.18,155.18,155.18,155.2,155.2,155.2,155.2
02/07/2022,14:47,155.2,155.2,155.18,155.19,155.22,155.22,155.19,155.21
02/07/2022,14:48,155.19,155.19,155.19,155.19,155.2,155.2,155.2,155.2
02/07/2022,14:49,155.18,155.18,155.15,155.16,155.19,155.19,155.18,155.19
02/07/2022,14:50,155.16,155.18,155.16,155.16,155.17,155.19,155.17,155.18
02/07/2022,14:51,155.18,155.19,155.17,155.19,155.2,155.21,155.19,155.2
02/07/2022,14:53,155.21,155.21,155.21,155.21,155.21,155.21,155.21,155.21
02/07/2022,14:54,155.21,155.22,155.19,155.2,155.22,155.23,155.2,155.21
02/07/2022,14:55,155.19,155.24,155.16,155.24,155.2,155.26,155.18,155.26
02/07/2022,14:56,155.24,155.24,155.24,155.24,155.25,155.25,155.25,155.25
02/07/2022,14:57,155.24,155.24,155.23,155.24,155.26,155.26,155.25,155.25
02/07/2022,14:58,155.24,155.24,155.23,155.24,155.25,155.26,155.25,155.26
02/07/2022,14:59,155.22,155.22,155.2,155.21,155.24,155.24,155.22,155.22
02/07/2022,15:00,155.17,155.17,155.11,155.13,155.19,155.19,155.14,155.15
02/07/2022,15:01,155.09,155.13,155.09,155.13,155.11,155.14,155.11,155.14
02/07/2022,15:02,155.2,155.21,155.2,155.2,155.21,155.23,155.21,155.22
02/07/2022,15:03,155.21,155.21,155.21,155.21,155.24,155.24,155.24,155.24
02/07/2022,15:04,155.28,155.28,155.28,155.28,155.3,155.3,155.3,155.3
02/07/2022,15:05,155.28,155.28,155.26,155.26,155.29,155.29,155.28,155.29
02/07/2022,15:06,155.25,155.25,155.23,155.23,155.26,155.26,155.25,155.25
02/07/2022,15:07,155.25,155.25,155.21,155.22,155.26,155.26,155.22,155.23
02/07/2022,15:08,155.21,155.21,155.13,155.19,155.22,155.22,155.15,155.22
02/07/2022,15:09,155.19,155.19,155.19,155.19,155.22,155.22,155.22,155.22
02/07/2022,15:10,155.23,155.25,155.23,155.25,155.26,155.27,155.26,155.27
02/07/2022,15:11,155.25,155.34,155.25,155.33,155.27,155.36,155.27,155.36
02/07/2022,15:12,155.32,155.36,155.29,155.35,155.34,155.38,155.3,155.36
02/07/2022,15:13,155.34,155.36,155.32,155.36,155.35,155.37,155.33,155.37
02/07/2022,15:14,155.36,155.36,155.36,155.36,155.37,155.37,155.37,155.37
02/07/2022,15:15,155.41,155.41,155.37,155.38,155.42,155.42,155.38,155.39
02/07/2022,15:16,155.35,155.35,155.35,155.35,155.37,155.37,155.37,155.37
02/07/2022,15:17,155.37,155.41,155.36,155.41,155.38,155.43,155.38,155.43
02/07/2022,15:18,155.4,155.4,155.33,155.33,155.41,155.42,155.36,155.36
02/07/2022,15:19,155.35,155.35,155.33,155.33,155.37,155.37,155.34,155.34
02/07/2022,15:20,155.3,155.3,155.24,155.27,155.31,155.31,155.26,155.29
02/07/2022,15:21,155.3,155.31,155.29,155.29,155.32,155.33,155.31,155.31
02/07/2022,15:22,155.27,155.27,155.21,155.23,155.29,155.29,155.22,155.24
02/07/2022,15:23,155.27,155.27,155.26,155.26,155.29,155.29,155.29,155.29
02/07/2022,15:24,155.24,155.24,155.14,155.17,155.25,155.25,155.16,155.18
02/07/2022,15:25,155.23,155.23,155.2,155.2,155.25,155.25,155.22,155.22
02/07/2022,15:26,155.13,155.18,155.13,155.18,155.15,155.19,155.15,155.19
02/07/2022,15:27,155.15,155.15,155.07,155.07,155.17,155.18,155.08,155.08
02/07/2022,15:28,155.07,155.07,155.01,155.01,155.09,155.09,155.02,155.02
02/07/2022,15:29,154.99,154.99,154.96,154.98,155.0,155.0,154.97,154.99
02/07/2022,15:30,154.97,155.08,154.97,155.06,154.98,155.09,154.98,155.08
02/07/2022,15:31,155.03,155.07,155.03,155.07,155.04,155.08,155.04,155.08
02/07/2022,15:32,155.05,155.05,154.99,154.99,155.06,155.06,155.0,155.01
02/07/2022,15:33,155.01,155.01,154.97,154.98,155.02,155.02,154.98,154.99
02/07/2022,15:34,154.97,154.97,154.88,154.94,154.98,154.98,154.9,154.96
02/07/2022,15:35,154.95,154.98,154.93,154.94,154.97,155.01,154.94,154.97
02/07/2022,15:36,154.92,154.98,154.92,154.98,154.93,155.01,154.93,155.01
02/07/2022,15:37,154.96,154.99,154.85,154.89,154.98,155.0,154.86,154.9
02/07/2022,15:38,154.83,154.83,154.71,154.77,154.86,154.86,154.74,154.79
02/07/2022,15:39,154.73,154.73,154.63,154.65,154.76,154.76,154.64,154.67
02/07/2022,15:40,154.65,154.65,154.61,154.62,154.66,154.66,154.62,154.63
02/07/2022,15:41,154.6,154.6,154.54,154.54,154.62,154.62,154.56,154.56
02/07/2022,15:42,154.56,154.56,154.54,154.55,154.58,154.58,154.56,154.56
02/07/2022,15:43,154.58,154.64,154.58,154.64,154.59,154.66,154.59,154.66
02/07/2022,15:44,154.63,154.63,154.54,154.54,154.65,154.65,154.55,154.55
02/07/2022,15:45,154.54,154.54,154.4,154.41,154.55,154.55,154.42,154.43
02/07/2022,15:46,154.4,154.45,154.38,154.45,154.41,154.47,154.41,154.46
02/07/2022,15:47,154.41,154.41,154.37,154.39,154.42,154.43,154.39,154.41
02/07/2022,15:48,154.41,154.45,154.41,154.43,154.42,154.47,154.42,154.45
02/07/2022,15:49,154.42,154.42,154.34,154.34,154.44,154.44,154.35,154.36
02/07/2022,15:50,154.38,154.68,154.38,154.56,154.41,154.71,154.41,154.59
02/07/2022,15:51,154.54,154.54,154.46,154.46,154.57,154.57,154.49,154.49
02/07/2022,15:52,154.45,154.46,154.21,154.21,154.48,154.48,154.25,154.25
02/07/2022,15:53,154.2,154.2,154.16,154.16,154.21,154.21,154.19,154.2
02/07/2022,15:54,154.25,154.28,154.14,154.16,154.28,154.3,154.17,154.17
02/07/2022,15:55,154.18,154.18,154.11,154.11,154.21,154.21,154.14,154.14
02/07/2022,15:56,154.1,154.23,154.1,154.23,154.12,154.25,154.12,154.24
02/07/2022,15:57,154.26,154.33,154.26,154.33,154.27,154.34,154.27,154.34
02/07/2022,15:58,154.3,154.36,154.29,154.36,154.31,154.39,154.3,154.39
02/07/2022,15:59,154.35,154.47,154.35,154.44,154.37,154.48,154.37,154.48
02/07/2022,16:00,154.45,154.45,154.45,154.45,154.48,154.48,154.48,154.48
