01/07/2022,09:28,157.27,157.27,157.27,157.27,158.43,158.43,158.43,158.43
01/07/2022,09:29,157.89,157.89,157.89,157.89,157.95,157.95,157.95,157.95
01/07/2022,09:30,157.89,157.96,157.76,157.85,157.96,158.04,157.86,157.91
01/07/2022,09:31,157.86,157.9,157.76,157.79,157.87,157.94,157.84,157.84
01/07/2022,09:32,157.81,157.81,157.69,157.7,157.87,157.89,157.75,157.75
01/07/2022,09:33,157.68,157.76,157.68,157.76,157.75,157.84,157.75,157.84
01/07/2022,09:34,157.97,157.97,157.88,157.88,158.03,158.03,157.92,157.92
01/07/2022,09:35,157.93,157.93,157.93,157.93,157.98,157.98,157.98,157.98
01/07/2022,09:36,157.92,158.03,157.92,158.02,157.96,158.06,157.96,158.06
01/07/2022,09:37,157.99,157.99,157.99,157.99,158.03,158.03,158.03,158.03
01/07/2022,09:38,158.05,158.15,158.05,158.15,158.08,158.19,158.08,158.19
01/07/2022,09:39,158.13,158.13,158.09,158.09,158.15,158.16,158.13,158.14
01/07/2022,09:41,157.96,157.97,157.91,157.91,158.01,158.01,157.93,157.94
01/07/2022,09:42,157.91,157.96,157.9,157.92,157.92,157.99,157.91,157.95
01/07/2022,09:43,158.05,158.05,157.98,158.02,158.07,158.1,158.0,158.05
01/07/2022,09:44,158.04,158.15,158.04,158.1,158.08,158.16,158.05,158.1
01/07/2022,09:45,158.09,158.21,158.09,158.09,158.12,158.25,158.1,158.13
01/07/2022,09:46,158.09,158.1,158.05,158.09,158.13,158.13,158.06,158.12
01/07/2022,09:47,158.09,158.12,158.06,158.06,158.09,158.13,158.07,158.07
01/07/2022,09:48,158.1,158.19,158.07,158.18,158.1,158.2,158.09,158.2
01/07/2022,09:49,158.17,158.17,158.13,158.16,158.21,158.21,158.16,158.17
01/07/2022,09:50,158.15,158.23,158.15,158.22,158.16,158.24,158.16,158.23
01/07/2022,09:51,158.26,158.32,158.26,158.28,158.3,158.36,158.28,158.28
01/07/2022,09:52,158.26,158.26,158.26,158.26,158.3,158.3,158.3,158.3
01/07/2022,09:53,158.29,158.29,158.22,158.22,158.32,158.32,158.23,158.23
01/07/2022,09:54,158.25,158.25,158.23,158.23,158.28,158.28,158.26,158.26
01/07/2022,09:55,158.24,158.27,158.2,158.24,158.26,158.3,158.21,158.26
01/07/2022,09:56,158.23,158.26,158.16,158.16,158.24,158.28,158.2,158.2
01/07/2022,09:57,158.14,158.15,158.08,158.09,158.15,158.18,158.09,158.11
01/07/2022,09:58,158.1,158.12,158.08,158.12,158.12,158.16,158.09,158.16
01/07/2022,09:59,158.13,158.18,158.13,158.13,158.16,158.19,158.16,158.16
01/07/2022,10:00,158.19,158.19,158.09,158.12,158.2,158.2,158.11,158.13
01/07/2022,10:01,158.1,158.12,158.06,158.08,158.12,158.13,158.08,158.1
01/07/2022,10:02,158.21,158.21,158.18,158.18,158.24,158.24,158.21,158.21
01/07/2022,10:03,158.21,158.23,158.19,158.23,158.23,158.25,158.21,158.25
01/07/2022,10:04,158.2,158.28,158.2,158.28,158.22,158.29,158.22,158.29
01/07/2022,10:05,158.25,158.25,158.15,158.16,158.28,158.28,158.17,158.18
01/07/2022,10:06,158.15,158.17,158.15,158.15,158.17,158.18,158.16,158.17
01/07/2022,10:07,158.19,158.21,158.19,158.21,158.21,158.23,158.21,158.23
01/07/2022,10:08,158.23,158.24,158.2,158.24,158.25,158.27,158.22,158.25
01/07/2022,10:09,158.24,158.27,158.24,158.26,158.25,158.28,158.25,158.28
01/07/2022,10:10,158.23,158.23,158.15,158.21,158.26,158.26,158.16,158.23
01/07/2022,10:11,158.2,158.25,158.2,158.25,158.22,158.26,158.22,158.26
01/07/2022,10:12,158.26,158.33,158.26,158.3,158.28,158.34,158.28,158.32
01/07/2022,10:13,158.32,158.34,158.31,158.31,158.34,158.35,158.33,158.33
01/07/2022,10:14,158.27,158.28,158.25,158.27,158.3,158.3,158.27,158.28
01/07/2022,10:15,158.23,158.26,158.21,158.26,158.25,158.29,158.23,158.29
01/07/2022,10:16,158.27,158.31,158.26,158.29,158.28,158.32,158.27,158.31
01/07/2022,10:17,158.29,158.29,158.22,158.24,158.3,158.3,158.25,158.25
01/07/2022,10:18,158.26,158.26,158.2,158.2,158.27,158.28,158.22,158.23
01/07/2022,10:19,158.22,158.25,158.2,158.23,158.24,158.26,158.21,158.24
01/07/2022,10:20,158.2,158.22,158.19,158.22,158.22,158.24,158.21,158.24
01/07/2022,10:21,158.19,158.24,158.19,158.22,158.22,158.25,158.22,158.25
01/07/2022,10:22,158.31,158.31,158.29,158.31,158.33,158.33,158.31,158.32
01/07/2022,10:23,158.31,158.33,158.29,158.3,158.32,158.34,158.31,158.32
01/07/2022,10:24,158.27,158.28,158.23,158.23,158.29,158.29,158.24,158.24
01/07/2022,10:25,158.23,158.33,158.23,158.32,158.24,158.34,158.24,158.33
01/07/2022,10:26,158.31,158.36,158.31,158.36,158.32,158.39,158.32,158.39
01/07/2022,10:27,158.39,158.44,158.39,158.44,158.42,158.45,158.42,158.45
01/07/2022,10:28,158.43,158.47,158.4,158.4,158.44,158.48,158.42,158.42
01/07/2022,10:29,158.4,158.4,158.38,158.38,158.4,158.41,158.39,158.39
01/07/2022,10:30,158.33,158.36,158.31,158.34,158.36,158.38,158.32,158.35
01/07/2022,10:31,158.34,158.37,158.29,158.29,158.36,158.39,158.32,158.32
01/07/2022,10:32,158.3,158.3,158.23,158.23,158.31,158.31,158.25,158.25
01/07/2022,10:33,158.26,158.27,158.24,158.25,158.27,158.28,158.25,158.26
01/07/2022,10:34,158.25,158.27,158.22,158.23,158.26,158.28,158.23,158.24
01/07/2022,10:35,158.23,158.24,158.2,158.23,158.24,158.25,158.22,158.24
01/07/2022,10:36,158.24,158.33,158.24,158.32,158.25,158.34,158.25,158.33
01/07/2022,10:37,158.26,158.27,158.21,158.25,158.29,158.29,158.23,158.26
01/07/2022,10:38,158.22,158.22,158.17,158.2,158.24,158.24,158.19,158.21
01/07/2022,10:39,158.21,158.21,158.18,158.18,158.22,158.23,158.19,158.2
01/07/2022,10:40,158.2,158.33,158.16,158.33,158.21,158.36,158.17,158.36
01/07/2022,10:41,158.35,158.35,158.24,158.24,158.37,158.37,158.26,158.26
01/07/2022,10:42,158.16,158.21,158.12,158.21,158.17,158.22,158.14,158.22
01/07/2022,10:43,158.19,158.21,158.14,158.16,158.2,158.22,158.15,158.17
01/07/2022,10:44,158.16,158.22,158.14,158.22,158.17,158.23,158.17,158.23
01/07/2022,10:45,158.21,158.22,158.18,158.22,158.22,158.23,158.2,158.23
01/07/2022,10:46,158.2,158.23,158.19,158.23,158.21,158.24,158.2,158.24
01/07/2022,10:47,158.25,158.26,158.22,158.26,158.28,158.28,158.24,158.27
01/07/2022,10:48,158.3,158.31,158.22,158.26,158.31,158.32,158.25,158.28
01/07/2022,10:49,158.24,158.24,158.2,158.2,158.26,158.26,158.21,158.21
01/07/2022,10:50,158.2,158.21,158.18,158.2,158.21,158.22,158.2,158.21
01/07/2022,10:51,158.18,158.19,158.03,158.03,158.2,158.2,158.06,158.06
01/07/2022,10:52,158.03,158.05,158.01,158.04,158.04,158.07,158.02,158.05
01/07/2022,10:53,158.03,158.07,157.98,158.05,158.05,158.08,158.0,158.08
01/07/2022,10:54,158.08,158.13,158.08,158.1,158.1,158.14,158.1,158.11
01/07/2022,10:55,158.09,158.12,158.09,158.09,158.11,158.14,158.11,158.11
01/07/2022,10:56,158.11,158.17,158.11,158.17,158.13,158.18,158.13,158.18
01/07/2022,10:57,158.15,158.18,158.15,158.18,158.16,158.2,158.16,158.2
01/07/2022,10:58,158.16,158.21,158.14,158.19,158.18,158.22,158.16,158.19
01/07/2022,10:59,158.11,158.13,158.1,158.13,158.13,158.15,158.12,158.15
01/07/2022,11:00,158.11,158.16,158.09,158.13,158.12,158.18,158.11,158.15
01/07/2022,11:01,158.1,158.17,158.09,158.17,158.11,158.19,158.1,158.19
01/07/2022,11:02,158.12,158.12,158.06,158.07,158.13,158.13,158.08,158.08
01/07/2022,11:03,158.07,158.14,158.04,158.04,158.08,158.15,158.06,158.06
01/07/2022,11:04,158.07,158.08,158.07,158.08,158.09,158.09,158.09,158.09
01/07/2022,11:05,158.08,158.15,158.08,158.15,158.1,158.17,158.1,158.17
01/07/2022,11:06,158.14,158.15,158.13,158.15,158.15,158.17,158.15,158.17
01/07/2022,11:07,158.2,158.22,158.18,158.18,158.22,158.23,158.2,158.2
01/07/2022,11:08,158.2,158.2,158.19,158.19,158.21,158.22,158.2,158.22
01/07/2022,11:09,158.15,158.17,158.12,158.13,158.17,158.19,158.14,158.15
01/07/2022,11:10,158.15,158.15,158.09,158.09,158.16,158.16,158.11,158.11
01/07/2022,11:11,158.12,158.14,158.06,158.07,158.14,158.15,158.08,158.09
01/07/2022,11:12,158.08,158.08,158.05,158.06,158.1,158.1,158.06,158.08
01/07/2022,11:13,158.07,158.09,158.07,158.09,158.09,158.1,158.09,158.1
01/07/2022,11:14,158.0,158.02,158.0,158.02,158.02,158.04,158.02,158.04
01/07/2022,11:15,157.99,158.03,157.99,157.99,158.01,158.05,158.01,158.01
01/07/2022,11:16,158.02,158.05,158.01,158.04,158.04,158.06,158.02,158.06
01/07/2022,11:17,158.01,158.01,157.94,157.96,158.02,158.02,157.95,157.98
01/07/2022,11:18,157.95,157.98,157.95,157.98,157.96,158.01,157.96,157.99
01/07/2022,11:19,158.03,158.07,158.0,158.03,158.04,158.09,158.02,158.04
01/07/2022,11:20,158.04,158.07,158.03,158.07,158.06,158.09,158.04,158.09
01/07/2022,11:21,158.05,158.09,158.03,158.09,158.07,158.11,158.04,158.1
01/07/2022,11:22,158.07,158.22,158.06,158.22,158.09,158.25,158.09,158.25
01/07/2022,11:23,158.24,158.24,158.23,158.23,158.27,158.27,158.26,158.26
01/07/2022,11:25,158.18,158.18,158.18,158.18,158.2,158.2,158.2,158.2
01/07/2022,11:26,158.18,158.21,158.18,158.2,158.2,158.23,158.2,158.22
01/07/2022,11:27,158.23,158.23,158.23,158.23,158.24,158.25,158.24,158.25
01/07/2022,11:28,158.24,158.28,158.24,158.28,158.26,158.3,158.26,158.3
01/07/2022,11:29,158.29,158.36,158.29,158.35,158.3,158.38,158.3,158.38
01/07/2022,11:30,158.35,158.35,158.3,158.3,158.37,158.37,158.32,158.32
01/07/2022,11:31,158.34,158.35,158.32,158.32,158.35,158.36,158.33,158.35
01/07/2022,11:32,158.36,158.36,158.31,158.32,158.38,158.38,158.32,158.34
01/07/2022,11:33,158.32,158.32,158.3,158.3,158.34,158.35,158.32,158.32
01/07/2022,11:34,158.32,158.32,158.28,158.3,158.33,158.33,158.3,158.33
01/07/2022,11:35,158.29,158.32,158.28,158.28,158.3,158.35,158.3,158.3
01/07/2022,11:36,158.31,158.31,158.28,158.3,158.32,158.34,158.31,158.33
01/07/2022,11:37,158.32,158.38,158.31,158.37,158.35,158.4,158.33,158.39
01/07/2022,11:38,158.36,158.38,158.36,158.38,158.38,158.4,158.38,158.39
01/07/2022,11:39,158.39,158.39,158.36,158.36,158.41,158.42,158.38,158.38
01/07/2022,11:40,158.36,158.37,158.35,158.35,158.39,158.39,158.37,158.37
01/07/2022,11:41,158.35,158.35,158.35,158.35,158.37,158.37,158.37,158.37
01/07/2022,11:42,158.43,158.43,158.43,158.43,158.46,158.46,158.46,158.46
01/07/2022,11:43,158.46,158.47,158.42,158.42,158.47,158.5,158.44,158.45
01/07/2022,11:44,158.44,158.48,158.44,158.45,158.45,158.5,158.45,158.46
01/07/2022,11:45,158.5,158.5,158.46,158.46,158.52,158.52,158.46,158.47
01/07/2022,11:46,158.48,158.51,158.48,158.51,158.5,158.51,158.5,158.51
01/07/2022,11:47,158.49,158.51,158.46,158.5,158.5,158.53,158.49,158.51
01/07/2022,11:48,158.49,158.55,158.49,158.55,158.5,158.56,158.5,158.56
01/07/2022,11:49,158.54,158.66,158.54,158.66,158.55,158.68,158.55,158.68
01/07/2022,11:50,158.66,158.71,158.65,158.68,158.66,158.73,158.66,158.69
01/07/2022,11:51,158.69,158.75,158.69,158.75,158.71,158.77,158.7,158.77
01/07/2022,11:52,158.76,158.77,158.73,158.74,158.77,158.78,158.75,158.77
01/07/2022,11:53,158.76,158.76,158.75,158.75,158.77,158.77,158.75,158.75
01/07/2022,11:54,158.77,158.81,158.77,158.81,158.79,158.83,158.79,158.83
01/07/2022,11:55,158.87,158.87,158.85,158.85,158.88,158.89,158.87,158.87
01/07/2022,11:56,158.86,158.86,158.8,158.8,158.89,158.89,158.83,158.83
01/07/2022,11:57,158.82,158.82,158.79,158.79,158.84,158.84,158.81,158.81
01/07/2022,11:58,158.81,158.82,158.81,158.81,158.82,158.84,158.82,158.82
01/07/2022,11:59,158.83,158.83,158.83,158.83,158.84,158.84,158.84,158.84
01/07/2022,12:00,158.82,158.85,158.81,158.81,158.83,158.88,158.83,158.83
01/07/2022,12:01,158.81,158.83,158.8,158.8,158.83,158.84,158.81,158.82
01/07/2022,12:02,158.8,158.8,158.77,158.79,158.82,158.82,158.78,158.8
01/07/2022,12:03,158.77,158.77,158.75,158.77,158.78,158.79,158.76,158.79
01/07/2022,12:04,158.78,158.78,158.73,158.73,158.79,158.79,158.74,158.74
01/07/2022,12:05,158.75,158.75,158.75,158.75,158.77,158.77,158.77,158.77
01/07/2022,12:06,158.77,158.77,158.73,158.73,158.79,158.79,158.74,158.74
01/07/2022,12:07,158.76,158.79,158.76,158.79,158.77,158.81,158.77,158.8
01/07/2022,12:08,158.79,158.8,158.77,158.79,158.81,158.81,158.79,158.8
01/07/2022,12:09,158.78,158.78,158.72,158.76,158.79,158.79,158.74,158.79
01/07/2022,12:10,158.79,158.81,158.79,158.79,158.81,158.83,158.8,158.8
01/07/2022,12:11,158.79,158.79,158.77,158.79,158.8,158.8,158.78,158.8
01/07/2022,12:12,158.79,158.79,158.75,158.76,158.8,158.8,158.77,158.77
01/07/2022,12:13,158.77,158.82,158.77,158.82,158.78,158.84,158.78,158.84
01/07/2022,12:14,158.81,158.83,158.8,158.83,158.83,158.85,158.82,158.84
01/07/2022,12:15,158.83,158.87,158.83,158.85,158.85,158.88,158.85,158.87
01/07/2022,12:16,158.84,158.84,158.81,158.81,158.85,158.85,158.83,158.83
01/07/2022,12:17,158.81,158.81,158.79,158.8,158.82,158.82,158.8,158.81
01/07/2022,12:18,158.81,158.82,158.8,158.8,158.83,158.83,158.81,158.81
01/07/2022,12:19,158.79,158.79,158.74,158.74,158.8,158.8,158.75,158.75
01/07/2022,12:20,158.75,158.77,158.75,158.77,158.76,158.79,158.76,158.78
01/07/2022,12:21,158.75,158.75,158.72,158.72,158.76,158.76,158.74,158.74
01/07/2022,12:22,158.68,158.68,158.68,158.68,158.7,158.7,158.7,158.7
01/07/2022,12:23,158.71,158.71,158.66,158.66,158.71,158.71,158.67,158.67
01/07/2022,12:24,158.68,158.68,158.68,158.68,158.7,158.7,158.69,158.69
01/07/2022,12:25,158.65,158.68,158.65,158.67,158.67,158.68,158.67,158.68
01/07/2022,12:26,158.67,158.67,158.63,158.63,158.68,158.68,158.64,158.64
01/07/2022,12:27,158.64,158.64,158.64,158.64,158.65,158.65,158.65,158.65
01/07/2022,12:28,158.65,158.65,158.64,158.65,158.66,158.67,158.65,158.67
01/07/2022,12:29,158.73,158.73,158.72,158.72,158.74,158.74,158.73,158.73
01/07/2022,12:30,158.71,158.72,158.69,158.69,158.72,158.73,158.71,158.71
01/07/2022,12:31,158.71,158.72,158.71,158.72,158.72,158.74,158.72,158.73
01/07/2022,12:32,158.71,158.71,158.69,158.69,158.72,158.72,158.7,158.7
01/07/2022,12:33,158.71,158.71,158.71,158.71,158.72,158.72,158.72,158.72
01/07/2022,12:34,158.71,158.71,158.68,158.69,158.72,158.72,158.69,158.7
01/07/2022,12:35,158.7,158.7,158.69,158.69,158.71,158.71,158.7,158.7
01/07/2022,12:36,158.68,158.7,158.68,158.69,158.7,158.71,158.7,158.7
01/07/2022,12:37,158.66,158.66,158.64,158.64,158.67,158.67,158.64,158.64
01/07/2022,12:38,158.65,158.71,158.65,158.68,158.66,158.72,158.66,158.7
01/07/2022,12:39,158.66,158.68,158.66,158.67,158.68,158.7,158.68,158.68
01/07/2022,12:40,158.67,158.73,158.67,158.7,158.68,158.74,158.68,158.71
01/07/2022,12:41,158.71,158.73,158.71,158.72,158.72,158.74,158.72,158.73
01/07/2022,12:42,158.69,158.72,158.69,158.71,158.72,158.73,158.71,158.72
01/07/2022,12:43,158.72,158.72,158.68,158.68,158.73,158.73,158.69,158.69
01/07/2022,12:44,158.68,158.68,158.65,158.65,158.69,158.69,158.67,158.67
01/07/2022,12:45,158.63,158.69,158.63,158.66,158.66,158.7,158.66,158.67
01/07/2022,12:46,158.68,158.72,158.68,158.71,158.69,158.74,158.69,158.72
01/07/2022,12:47,158.68,158.68,158.66,158.66,158.7,158.7,158.67,158.67
01/07/2022,12:48,158.64,158.65,158.64,158.64,158.67,158.67,158.65,158.65
01/07/2022,12:49,158.64,158.64,158.58,158.59,158.67,158.67,158.59,158.6
01/07/2022,12:50,158.58,158.61,158.58,158.6,158.59,158.63,158.59,158.61
01/07/2022,12:51,158.6,158.63,158.59,158.62,158.61,158.64,158.6,158.63
01/07/2022,12:52,158.63,158.63,158.6,158.6,158.64,158.64,158.61,158.61
01/07/2022,12:53,158.59,158.59,158.58,158.59,158.6,158.62,158.59,158.62
01/07/2022,12:54,158.61,158.61,158.6,158.6,158.62,158.62,158.61,158.61
01/07/2022,12:55,158.6,158.6,158.59,158.59,158.61,158.61,158.6,158.6
01/07/2022,12:56,158.59,158.63,158.59,158.62,158.59,158.64,158.59,158.63
01/07/2022,12:57,158.61,158.61,158.61,158.61,158.62,158.63,158.62,158.63
01/07/2022,12:58,158.61,158.61,158.58,158.58,158.63,158.63,158.59,158.6
01/07/2022,12:59,158.6,158.63,158.6,158.63,158.61,158.65,158.61,158.64
01/07/2022,13:00,158.62,158.62,158.54,158.54,158.63,158.63,158.55,158.55
01/07/2022,13:01,158.55,158.57,158.55,158.57,158.56,158.58,158.56,158.58
01/07/2022,13:02,158.59,158.66,158.58,158.63,158.6,158.67,158.59,158.64
01/07/2022,13:03,158.62,158.62,158.56,158.56,158.63,158.63,158.57,158.57
01/07/2022,13:04,158.61,158.61,158.61,158.61,158.62,158.62,158.62,158.62
01/07/2022,13:05,158.64,158.66,158.63,158.66,158.66,158.67,158.64,158.67
01/07/2022,13:06,158.67,158.68,158.66,158.68,158.68,158.69,158.67,158.69
01/07/2022,13:07,158.69,158.69,158.65,158.66,158.7,158.7,158.67,158.67
01/07/2022,13:08,158.67,158.7,158.67,158.69,158.68,158.71,158.68,158.7
01/07/2022,13:09,158.7,158.7,158.7,158.7,158.71,158.71,158.71,158.71
01/07/2022,13:10,158.68,158.73,158.68,158.72,158.7,158.74,158.7,158.73
01/07/2022,13:11,158.7,158.74,158.7,158.72,158.72,158.75,158.72,158.73
01/07/2022,13:12,158.72,158.75,158.72,158.74,158.73,158.76,158.73,158.75
01/07/2022,13:13,158.74,158.74,158.71,158.71,158.75,158.75,158.72,158.72
01/07/2022,13:14,158.7,158.71,158.7,158.71,158.71,158.72,158.71,158.72
01/07/2022,13:15,158.68,158.72,158.68,158.72,158.7,158.73,158.7,158.73
01/07/2022,13:16,158.74,158.74,158.67,158.67,158.75,158.75,158.68,158.68
01/07/2022,13:17,158.65,158.67,158.64,158.67,158.67,158.68,158.66,158.68
01/07/2022,13:18,158.66,158.67,158.66,158.67,158.67,158.7,158.67,158.7
01/07/2022,13:19,158.68,158.68,158.66,158.67,158.69,158.69,158.68,158.69
01/07/2022,13:20,158.68,158.68,158.67,158.67,158.69,158.7,158.68,158.68
01/07/2022,13:21,158.68,158.68,158.67,158.68,158.69,158.69,158.68,158.69
01/07/2022,13:22,158.71,158.71,158.69,158.69,158.72,158.72,158.7,158.7
01/07/2022,13:23,158.68,158.68,158.66,158.66,158.69,158.69,158.67,158.67
01/07/2022,13:24,158.69,158.69,158.68,158.69,158.71,158.71,158.69,158.7
01/07/2022,13:25,158.67,158.7,158.67,158.7,158.69,158.72,158.69,158.71
01/07/2022,13:26,158.69,158.7,158.67,158.67,158.7,158.71,158.69,158.69
01/07/2022,13:27,158.71,158.71,158.71,158.71,158.73,158.73,158.73,158.73
01/07/2022,13:28,158.7,158.7,158.66,158.66,158.71,158.71,158.68,158.68
01/07/2022,13:29,158.65,158.65,158.65,158.65,158.66,158.67,158.66,158.67
01/07/2022,13:30,158.66,158.68,158.65,158.67,158.67,158.69,158.66,158.68
01/07/2022,13:31,158.68,158.7,158.67,158.7,158.69,158.72,158.68,158.72
01/07/2022,13:32,158.7,158.7,158.69,158.69,158.71,158.71,158.7,158.7
01/07/2022,13:33,158.69,158.72,158.69,158.7,158.7,158.73,158.7,158.71
01/07/2022,13:34,158.72,158.73,158.71,158.72,158.73,158.73,158.72,158.72
01/07/2022,13:35,158.74,158.78,158.74,158.78,158.75,158.78,158.75,158.78
01/07/2022,13:36,158.76,158.76,158.76,158.76,158.77,158.77,158.77,158.77
01/07/2022,13:37,158.75,158.75,158.72,158.72,158.76,158.76,158.73,158.73
01/07/2022,13:38,158.72,158.72,158.71,158.71,158.73,158.73,158.72,158.73
01/07/2022,13:39,158.69,158.7,158.67,158.67,158.71,158.71,158.69,158.69
01/07/2022,13:40,158.68,158.68,158.67,158.68,158.68,158.69,158.68,158.69
01/07/2022,13:41,158.69,158.69,158.65,158.67,158.7,158.7,158.67,158.68
01/07/2022,13:42,158.68,158.7,158.68,158.69,158.68,158.71,158.68,158.7
01/07/2022,13:43,158.67,158.68,158.67,158.68,158.68,158.69,158.68,158.69
01/07/2022,13:44,158.7,158.7,158.69,158.69,158.71,158.71,158.7,158.7
01/07/2022,13:45,158.7,158.7,158.67,158.68,158.71,158.71,158.68,158.69
01/07/2022,13:46,158.67,158.71,158.67,158.69,158.68,158.72,158.68,158.7
01/07/2022,13:47,158.68,158.68,158.68,158.68,158.69,158.69,158.69,158.69
01/07/2022,13:48,158.67,158.7,158.66,158.7,158.68,158.71,158.67,158.71
01/07/2022,13:49,158.7,158.71,158.66,158.66,158.71,158.72,158.67,158.67
01/07/2022,13:50,158.64,158.65,158.6,158.64,158.67,158.67,158.61,158.65
01/07/2022,13:51,158.63,158.72,158.63,158.71,158.64,158.73,158.64,158.72
01/07/2022,13:52,158.7,158.74,158.7,158.72,158.71,158.75,158.71,158.73
01/07/2022,13:53,158.74,158.76,158.74,158.76,158.75,158.78,158.75,158.78
01/07/2022,13:54,158.75,158.75,158.73,158.74,158.76,158.76,158.74,158.75
01/07/2022,13:55,158.72,158.74,158.71,158.74,158.73,158.75,158.72,158.75
01/07/2022,13:56,158.78,158.78,158.76,158.76,158.79,158.79,158.77,158.77
01/07/2022,13:57,158.76,158.76,158.76,158.76,158.77,158.77,158.77,158.77
01/07/2022,13:58,158.78,158.78,158.75,158.75,158.78,158.78,158.76,158.76
01/07/2022,13:59,158.74,158.74,158.7,158.7,158.76,158.76,158.72,158.72
01/07/2022,14:00,158.73,158.79,158.73,158.78,158.75,158.8,158.75,158.8
01/07/2022,14:01,158.8,158.81,158.78,158.78,158.81,158.82,158.8,158.8
01/07/2022,14:02,158.81,158.81,158.79,158.79,158.82,158.82,158.8,158.8
01/07/2022,14:03,158.78,158.78,158.75,158.77,158.79,158.79,158.77,158.78
01/07/2022,14:04,158.76,158.79,158.76,158.78,158.77,158.8,158.77,158.79
01/07/2022,14:05,158.77,158.77,158.76,158.76,158.78,158.78,158.77,158.77
01/07/2022,14:06,158.76,158.79,158.74,158.78,158.78,158.79,158.76,158.79
01/07/2022,14:07,158.77,158.79,158.77,158.78,158.78,158.81,158.78,158.79
01/07/2022,14:08,158.82,158.82,158.77,158.77,158.82,158.83,158.78,158.79
01/07/2022,14:09,158.78,158.78,158.75,158.75,158.79,158.79,158.76,158.76
01/07/2022,14:10,158.77,158.8,158.77,158.8,158.78,158.81,158.78,158.81
01/07/2022,14:11,158.8,158.81,158.78,158.78,158.81,158.82,158.8,158.8
01/07/2022,14:12,158.77,158.78,158.76,158.78,158.78,158.79,158.78,158.79
01/07/2022,14:13,158.78,158.8,158.78,158.8,158.79,158.81,158.79,158.81
01/07/2022,14:14,158.79,158.79,158.78,158.78,158.8,158.8,158.79,158.79
01/07/2022,14:15,158.79,158.8,158.79,158.79,158.8,158.81,158.8,158.8
01/07/2022,14:16,158.78,158.82,158.78,158.82,158.79,158.83,158.79,158.83
01/07/2022,14:17,158.82,158.85,158.82,158.83,158.83,158.86,158.83,158.85
01/07/2022,14:18,158.84,158.85,158.83,158.83,158.85,158.87,158.84,158.84
01/07/2022,14:19,158.84,158.84,158.81,158.81,158.86,158.86,158.82,158.82
01/07/2022,14:20,158.82,158.82,158.78,158.78,158.83,158.83,158.79,158.79
01/07/2022,14:21,158.78,158.78,158.72,158.73,158.79,158.79,158.74,158.74
01/07/2022,14:22,158.74,158.75,158.72,158.72,158.75,158.76,158.73,158.73
01/07/2022,14:23,158.71,158.71,158.65,158.66,158.72,158.72,158.66,158.67
01/07/2022,14:24,158.66,158.68,158.62,158.62,158.67,158.69,158.63,158.63
01/07/2022,14:25,158.62,158.62,158.56,158.6,158.64,158.64,158.57,158.61
01/07/2022,14:26,158.62,158.65,158.6,158.65,158.63,158.66,158.62,158.66
01/07/2022,14:27,158.64,158.66,158.62,158.62,158.65,158.67,158.64,158.64
01/07/2022,14:28,158.6,158.64,158.6,158.63,158.62,158.65,158.62,158.64
01/07/2022,14:29,158.67,158.67,158.66,158.66,158.67,158.67,158.67,158.67
01/07/2022,14:30,158.65,158.65,158.61,158.64,158.66,158.66,158.62,158.65
01/07/2022,14:31,158.65,158.65,158.63,158.63,158.66,158.66,158.65,158.65
01/07/2022,14:33,158.62,158.62,158.6,158.6,158.63,158.63,158.62,158.62
01/07/2022,14:34,158.63,158.63,158.58,158.58,158.64,158.64,158.59,158.59
01/07/2022,14:35,158.6,158.6,158.57,158.58,158.61,158.61,158.58,158.59
01/07/2022,14:36,158.6,158.6,158.57,158.59,158.61,158.61,158.58,158.61
01/07/2022,14:37,158.66,158.66,158.65,158.66,158.67,158.68,158.66,158.67
01/07/2022,14:38,158.67,158.67,158.65,158.65,158.69,158.69,158.66,158.67
01/07/2022,14:39,158.69,158.7,158.69,158.7,158.7,158.71,158.7,158.71
01/07/2022,14:40,158.71,158.71,158.68,158.68,158.71,158.71,158.68,158.69
01/07/2022,14:41,158.72,158.75,158.72,158.75,158.73,158.77,158.73,158.76
01/07/2022,14:42,158.75,158.79,158.74,158.75,158.77,158.81,158.75,158.77
01/07/2022,14:43,158.72,158.72,158.69,158.69,158.73,158.73,158.7,158.7
01/07/2022,14:44,158.7,158.74,158.7,158.74,158.72,158.75,158.72,158.75
01/07/2022,14:45,158.74,158.75,158.73,158.75,158.75,158.77,158.74,158.77
01/07/2022,14:46,158.75,158.75,158.71,158.72,158.76,158.76,158.72,158.73
01/07/2022,14:47,158.71,158.74,158.71,158.74,158.72,158.75,158.72,158.75
01/07/2022,14:48,158.78,158.82,158.78,158.81,158.79,158.83,158.79,158.82
01/07/2022,14:49,158.8,158.8,158.71,158.71,158.81,158.81,158.73,158.73
01/07/2022,14:50,158.72,158.73,158.7,158.71,158.73,158.75,158.73,158.73
01/07/2022,14:51,158.71,158.71,158.71,158.71,158.72,158.73,158.72,158.73
01/07/2022,14:52,158.74,158.74,158.72,158.73,158.75,158.75,158.73,158.75
01/07/2022,14:53,158.75,158.77,158.73,158.73,158.76,158.78,158.75,158.75
01/07/2022,14:54,158.73,158.76,158.72,158.75,158.74,158.77,158.74,158.76
01/07/2022,14:55,158.74,158.8,158.74,158.8,158.75,158.81,158.75,158.81
01/07/2022,14:56,158.79,158.79,158.77,158.77,158.8,158.8,158.78,158.78
01/07/2022,14:57,158.78,158.79,158.77,158.78,158.79,158.8,158.78,158.79
01/07/2022,14:58,158.77,158.77,158.75,158.76,158.79,158.79,158.77,158.77
01/07/2022,14:59,158.75,158.75,158.73,158.73,158.76,158.76,158.74,158.75
01/07/2022,15:00,158.73,158.77,158.72,158.77,158.74,158.78,158.73,158.78
01/07/2022,15:01,158.8,158.81,158.8,158.81,158.81,158.83,158.81,158.82
01/07/2022,15:02,158.8,158.8,158.75,158.77,158.81,158.81,158.77,158.79
01/07/2022,15:03,158.72,158.76,158.72,158.75,158.74,158.77,158.74,158.76
01/07/2022,15:04,158.76,158.76,158.74,158.74,158.77,158.77,158.75,158.75
01/07/2022,15:05,158.75,158.81,158.75,158.79,158.76,158.82,158.76,158.8
01/07/2022,15:06,158.8,158.82,158.8,158.82,158.82,158.83,158.81,158.83
01/07/2022,15:07,158.81,158.82,158.8,158.81,158.82,158.83,158.81,158.82
01/07/2022,15:08,158.81,158.81,158.76,158.77,158.82,158.82,158.78,158.78
01/07/2022,15:09,158.79,158.8,158.79,158.79,158.8,158.81,158.8,158.8
01/07/2022,15:10,158.79,158.79,158.75,158.75,158.8,158.8,158.76,158.76
01/07/2022,15:11,158.76,158.76,158.75,158.75,158.77,158.77,158.76,158.76
01/07/2022,15:12,158.75,158.75,158.72,158.72,158.76,158.76,158.73,158.74
01/07/2022,15:13,158.72,158.72,158.68,158.7,158.73,158.73,158.71,158.71
01/07/2022,15:14,158.68,158.69,158.66,158.68,158.69,158.7,158.68,158.69
01/07/2022,15:15,158.67,158.71,158.67,158.7,158.68,158.72,158.68,158.71
01/07/2022,15:16,158.67,158.71,158.65,158.7,158.68,158.72,158.66,158.71
01/07/2022,15:17,158.7,158.71,158.68,158.68,158.71,158.72,158.69,158.69
01/07/2022,15:18,158.66,158.67,158.66,158.67,158.67,158.68,158.67,158.68
01/07/2022,15:19,158.7,158.71,158.69,158.7,158.71,158.72,158.71,158.71
01/07/2022,15:20,158.7,158.72,158.68,158.68,158.71,158.73,158.69,158.7
01/07/2022,15:21,158.68,158.69,158.67,158.68,158.69,158.7,158.68,158.69
01/07/2022,15:22,158.66,158.66,158.62,158.63,158.67,158.67,158.63,158.64
01/07/2022,15:23,158.65,158.68,158.65,158.65,158.66,158.69,158.66,158.66
01/07/2022,15:24,158.66,158.68,158.63,158.63,158.67,158.69,158.64,158.64
01/07/2022,15:25,158.63,158.63,158.61,158.62,158.64,158.64,158.62,158.63
01/07/2022,15:26,158.6,158.63,158.6,158.62,158.62,158.64,158.62,158.63
01/07/2022,15:27,158.61,158.61,158.59,158.6,158.62,158.62,158.6,158.61
01/07/2022,15:28,158.63,158.63,158.58,158.59,158.64,158.64,158.59,158.6
01/07/2022,15:29,158.59,158.64,158.58,158.64,158.6,158.65,158.59,158.65
01/07/2022,15:30,158.65,158.65,158.6,158.63,158.66,158.66,158.61,158.64
01/07/2022,15:31,158.65,158.7,158.64,158.7,158.67,158.72,158.66,158.72
01/07/2022,15:32,158.72,158.72,158.67,158.67,158.73,158.73,158.68,158.68
01/07/2022,15:33,158.66,158.67,158.56,158.56,158.67,158.68,158.58,158.58
01/07/2022,15:34,158.55,158.63,158.55,158.63,158.56,158.64,158.56,158.64
01/07/2022,15:35,158.62,158.65,158.59,158.65,158.63,158.66,158.6,158.66
01/07/2022,15:36,158.63,158.69,158.63,158.69,158.64,158.7,158.64,158.69
01/07/2022,15:37,158.67,158.73,158.67,158.72,158.68,158.74,158.68,158.73
01/07/2022,15:38,158.7,158.72,158.68,158.68,158.71,158.74,158.69,158.69
01/07/2022,15:39,158.68,158.69,158.67,158.68,158.7,158.7,158.68,158.69
01/07/2022,15:40,158.73,158.73,158.68,158.7,158.74,158.74,158.7,158.71
01/07/2022,15:41,158.71,158.73,158.68,158.73,158.72,158.74,158.7,158.74
01/07/2022,15:42,158.73,158.76,158.73,158.76,158.74,158.77,158.74,158.77
01/07/2022,15:43,158.76,158.76,158.63,158.63,158.77,158.77,158.64,158.64
01/07/2022,15:44,158.6,158.63,158.58,158.6,158.62,158.64,158.59,158.61
01/07/2022,15:45,158.6,158.61,158.6,158.61,158.61,158.62,158.61,158.62
01/07/2022,15:46,158.64,158.67,158.57,158.65,158.65,158.68,158.58,158.66
01/07/2022,15:47,158.69,158.75,158.69,158.71,158.7,158.76,158.7,158.72
01/07/2022,15:48,158.69,158.69,158.63,158.64,158.7,158.7,158.65,158.65
01/07/2022,15:49,158.62,158.62,158.54,158.56,158.63,158.64,158.55,158.57
01/07/2022,15:50,158.53,158.59,158.47,158.49,158.57,158.62,158.49,158.5
01/07/2022,15:51,158.58,158.58,158.56,158.57,158.6,158.6,158.58,158.58
01/07/2022,15:52,158.59,158.59,158.56,158.59,158.6,158.6,158.58,158.6
01/07/2022,15:53,158.56,158.56,158.5,158.51,158.57,158.57,158.52,158.53
01/07/2022,15:54,158.54,158.54,158.45,158.45,158.55,158.56,158.47,158.47
01/07/2022,15:55,158.47,158.48,158.45,158.48,158.49,158.49,158.47,158.49
01/07/2022,15:56,158.48,158.52,158.48,158.51,158.49,158.54,158.49,158.52
01/07/2022,15:57,158.54,158.55,158.52,158.52,158.55,158.56,158.53,158.53
01/07/2022,15:58,158.51,158.51,158.45,158.45,158.52,158.52,158.47,158.47
01/07/2022,15:59,158.45,158.45,158.35,158.35,158.47,158.47,158.37,158.37
01/07/2022,16:00,158.35,158.36,158.35,158.36,158.36,158.4,158.36,158.4
01/07/2022,16:13,158.4,158.4,158.4,158.4,159.17,159.17,159.17,159.17
01/07/2022,16:42,155.3,155.3,155.3,155.3,158.89,158.89,158.89,158.89
