01/20/2022,09:29,155.36,155.36,155.35,155.35,155.8,155.8,155.36,155.36
01/20/2022,09:30,155.35,155.35,155.25,155.35,155.36,155.43,155.33,155.43
01/20/2022,09:31,155.48,155.48,155.42,155.42,155.49,155.52,155.49,155.49
01/20/2022,09:32,155.69,155.83,155.69,155.83,155.73,155.91,155.73,155.91
01/20/2022,09:33,155.88,155.88,155.88,155.88,155.9,155.9,155.9,155.9
01/20/2022,09:34,155.82,155.82,155.66,155.66,155.89,155.89,155.73,155.73
01/20/2022,09:35,155.51,155.52,155.51,155.52,155.6,155.6,155.58,155.58
01/20/2022,09:36,155.46,155.46,155.43,155.43,155.53,155.53,155.49,155.49
01/20/2022,09:37,155.5,155.5,155.42,155.42,155.54,155.54,155.45,155.45
01/20/2022,09:38,155.41,155.41,155.38,155.39,155.45,155.45,155.43,155.43
01/20/2022,09:39,155.33,155.33,155.33,155.33,155.38,155.38,155.38,155.38
01/20/2022,09:40,155.41,155.41,155.3,155.38,155.46,155.46,155.33,155.43
01/20/2022,09:41,155.53,155.58,155.53,155.58,155.58,155.63,155.58,155.63
01/20/2022,09:42,155.56,155.68,155.52,155.68,155.61,155.72,155.56,155.72
01/20/2022,09:43,155.67,155.7,155.65,155.7,155.72,155.74,155.69,155.73
01/20/2022,09:44,155.7,155.7,155.6,155.6,155.74,155.74,155.64,155.64
01/20/2022,09:45,155.59,155.59,155.56,155.57,155.63,155.63,155.61,155.62
01/20/2022,09:46,155.47,155.51,155.46,155.51,155.51,155.54,155.5,155.54
01/20/2022,09:47,155.5,155.59,155.5,155.59,155.52,155.6,155.52,155.6
01/20/2022,09:48,155.64,155.64,155.58,155.58,155.68,155.68,155.62,155.62
01/20/2022,09:49,155.75,155.75,155.71,155.71,155.78,155.78,155.72,155.72
01/20/2022,09:50,155.69,155.71,155.67,155.71,155.72,155.74,155.7,155.74
01/20/2022,09:51,155.77,155.82,155.72,155.82,155.8,155.85,155.75,155.85
01/20/2022,09:52,155.94,155.94,155.84,155.88,155.96,155.97,155.85,155.89
01/20/2022,09:53,155.88,155.92,155.88,155.9,155.89,155.95,155.89,155.94
01/20/2022,09:54,155.95,156.0,155.83,155.95,155.97,156.03,155.88,155.99
01/20/2022,09:55,155.95,155.95,155.88,155.88,155.98,155.98,155.93,155.93
01/20/2022,09:56,155.98,156.02,155.98,156.02,156.03,156.04,156.02,156.04
01/20/2022,09:57,156.12,156.22,156.12,156.2,156.17,156.26,156.17,156.24
01/20/2022,09:58,156.27,156.28,156.27,156.28,156.32,156.32,156.3,156.32
01/20/2022,09:59,156.35,156.36,156.34,156.34,156.4,156.4,156.38,156.38
01/20/2022,10:00,156.31,156.31,156.1,156.1,156.33,156.33,156.16,156.16
01/20/2022,10:02,156.14,156.22,156.14,156.22,156.19,156.27,156.19,156.27
01/20/2022,10:03,156.18,156.18,156.15,156.15,156.23,156.23,156.19,156.19
01/20/2022,10:04,156.16,156.16,156.07,156.07,156.19,156.19,156.1,156.1
01/20/2022,10:05,156.05,156.05,156.05,156.05,156.08,156.08,156.08,156.08
01/20/2022,10:06,156.07,156.14,156.07,156.14,156.12,156.18,156.12,156.18
01/20/2022,10:07,156.19,156.23,156.01,156.01,156.23,156.27,156.04,156.05
01/20/2022,10:08,156.03,156.1,156.03,156.1,156.07,156.15,156.06,156.15
01/20/2022,10:09,156.16,156.16,156.13,156.16,156.19,156.19,156.15,156.18
01/20/2022,10:10,156.15,156.22,156.13,156.22,156.18,156.23,156.16,156.23
01/20/2022,10:11,156.19,156.19,156.04,156.06,156.22,156.22,156.07,156.09
01/20/2022,10:12,156.07,156.07,155.96,155.96,156.11,156.11,155.99,155.99
01/20/2022,10:13,156.05,156.11,156.05,156.11,156.09,156.15,156.09,156.15
01/20/2022,10:14,156.12,156.12,156.07,156.09,156.16,156.16,156.11,156.13
01/20/2022,10:15,156.16,156.16,156.16,156.16,156.2,156.2,156.2,156.2
01/20/2022,10:16,156.19,156.23,156.19,156.19,156.24,156.27,156.22,156.22
01/20/2022,10:18,156.18,156.18,156.13,156.13,156.21,156.21,156.16,156.17
01/20/2022,10:19,156.13,156.13,156.07,156.07,156.17,156.17,156.09,156.09
01/20/2022,10:20,156.08,156.14,156.08,156.13,156.13,156.17,156.13,156.16
01/20/2022,10:21,156.12,156.2,156.12,156.2,156.14,156.24,156.14,156.24
01/20/2022,10:22,156.27,156.27,156.21,156.21,156.3,156.3,156.25,156.25
01/20/2022,10:23,156.16,156.18,156.16,156.18,156.19,156.22,156.19,156.22
01/20/2022,10:24,156.17,156.23,156.17,156.22,156.2,156.27,156.2,156.26
01/20/2022,10:25,156.21,156.21,156.17,156.17,156.22,156.25,156.22,156.22
01/20/2022,10:26,156.14,156.14,156.12,156.14,156.18,156.18,156.15,156.18
01/20/2022,10:27,156.17,156.2,156.17,156.19,156.22,156.24,156.22,156.23
01/20/2022,10:28,156.19,156.19,156.17,156.17,156.22,156.22,156.19,156.2
01/20/2022,10:29,156.21,156.22,156.21,156.22,156.25,156.26,156.25,156.26
01/20/2022,10:30,156.24,156.33,156.24,156.32,156.29,156.37,156.29,156.35
01/20/2022,10:31,156.36,156.41,156.36,156.4,156.39,156.42,156.39,156.42
01/20/2022,10:32,156.41,156.55,156.41,156.55,156.45,156.58,156.45,156.58
01/20/2022,10:33,156.54,156.54,156.42,156.44,156.58,156.58,156.45,156.48
01/20/2022,10:34,156.43,156.45,156.43,156.44,156.45,156.45,156.44,156.44
01/20/2022,10:35,156.49,156.49,156.48,156.48,156.52,156.52,156.5,156.5
01/20/2022,10:36,156.51,156.54,156.51,156.53,156.53,156.55,156.53,156.55
01/20/2022,10:37,156.59,156.59,156.58,156.59,156.6,156.6,156.59,156.6
01/20/2022,10:38,156.53,156.53,156.53,156.53,156.55,156.56,156.55,156.56
01/20/2022,10:39,156.55,156.55,156.55,156.55,156.56,156.56,156.56,156.56
01/20/2022,10:40,156.67,156.67,156.67,156.67,156.7,156.71,156.69,156.71
01/20/2022,10:41,156.68,156.68,156.68,156.68,156.7,156.7,156.7,156.7
01/20/2022,10:42,156.59,156.67,156.59,156.66,156.62,156.69,156.62,156.68
01/20/2022,10:43,156.65,156.7,156.63,156.7,156.68,156.72,156.66,156.72
01/20/2022,10:44,156.72,156.72,156.65,156.65,156.75,156.75,156.68,156.68
01/20/2022,10:47,156.86,156.86,156.86,156.86,156.89,156.89,156.89,156.89
01/20/2022,10:48,156.89,156.91,156.88,156.88,156.92,156.93,156.92,156.92
01/20/2022,10:49,156.95,156.96,156.95,156.96,156.97,156.99,156.97,156.99
01/20/2022,10:51,156.97,156.97,156.93,156.93,157.0,157.0,156.95,156.95
01/20/2022,10:52,156.92,156.95,156.92,156.95,156.95,156.98,156.95,156.98
01/20/2022,10:53,156.99,156.99,156.96,156.96,157.01,157.01,156.99,156.99
01/20/2022,10:54,156.93,156.95,156.93,156.95,156.96,156.99,156.96,156.99
01/20/2022,10:55,156.97,156.97,156.97,156.97,156.99,156.99,156.99,156.99
01/20/2022,10:56,156.94,156.96,156.92,156.92,156.97,157.0,156.95,156.95
01/20/2022,10:57,156.91,156.91,156.91,156.91,156.94,156.94,156.94,156.94
01/20/2022,10:58,156.95,156.95,156.95,156.95,156.98,156.98,156.98,156.98
01/20/2022,11:00,156.95,157.03,156.95,157.03,156.99,157.06,156.99,157.06
01/20/2022,11:01,157.03,157.04,157.02,157.04,157.06,157.07,157.04,157.07
01/20/2022,11:02,157.1,157.12,157.09,157.12,157.12,157.13,157.1,157.13
01/20/2022,11:03,157.13,157.13,157.08,157.08,157.16,157.16,157.11,157.11
01/20/2022,11:04,157.06,157.06,157.05,157.05,157.07,157.07,157.07,157.07
01/20/2022,11:07,156.96,156.96,156.96,156.96,156.98,156.98,156.98,156.98
01/20/2022,11:08,156.95,156.95,156.95,156.95,156.98,156.98,156.98,156.98
01/20/2022,11:09,156.93,156.97,156.89,156.97,156.96,156.99,156.9,156.99
01/20/2022,11:10,156.89,156.89,156.89,156.89,156.92,156.92,156.92,156.92
01/20/2022,11:11,156.9,156.9,156.9,156.9,156.93,156.93,156.93,156.93
01/20/2022,11:12,156.88,156.88,156.84,156.84,156.9,156.9,156.86,156.86
01/20/2022,11:13,156.86,156.87,156.82,156.82,156.88,156.89,156.84,156.84
01/20/2022,11:14,156.78,156.79,156.78,156.79,156.81,156.82,156.81,156.82
01/20/2022,11:16,156.82,156.84,156.82,156.84,156.84,156.86,156.84,156.86
01/20/2022,11:17,156.84,156.84,156.84,156.84,156.86,156.86,156.86,156.86
01/20/2022,11:18,156.91,156.91,156.91,156.91,156.94,156.94,156.94,156.94
01/20/2022,11:21,156.88,156.89,156.87,156.88,156.9,156.91,156.89,156.89
01/20/2022,11:22,156.87,156.87,156.82,156.82,156.89,156.89,156.83,156.83
01/20/2022,11:23,156.78,156.78,156.74,156.74,156.8,156.8,156.75,156.75
01/20/2022,11:24,156.76,156.76,156.74,156.74,156.77,156.77,156.75,156.75
01/20/2022,11:25,156.83,156.85,156.83,156.85,156.85,156.87,156.85,156.87
01/20/2022,11:26,156.83,156.86,156.82,156.85,156.84,156.89,156.83,156.88
01/20/2022,11:27,156.84,156.85,156.82,156.82,156.85,156.86,156.83,156.83
01/20/2022,11:28,156.86,156.87,156.86,156.87,156.87,156.88,156.87,156.88
01/20/2022,11:29,156.85,156.91,156.85,156.91,156.86,156.93,156.86,156.92
01/20/2022,11:30,156.89,156.94,156.89,156.94,156.91,156.95,156.91,156.95
01/20/2022,11:31,156.93,156.94,156.93,156.94,156.94,156.95,156.94,156.95
01/20/2022,11:32,156.95,156.95,156.95,156.95,156.96,156.96,156.96,156.96
01/20/2022,11:33,156.94,156.94,156.91,156.92,156.95,156.95,156.92,156.93
01/20/2022,11:34,156.95,156.96,156.94,156.96,156.96,156.99,156.95,156.99
01/20/2022,11:35,156.98,156.99,156.98,156.99,156.99,157.0,156.99,157.0
01/20/2022,11:36,156.98,156.98,156.96,156.97,156.99,157.0,156.97,156.98
01/20/2022,11:37,156.98,157.0,156.98,157.0,156.99,157.02,156.99,157.02
01/20/2022,11:38,156.98,156.98,156.95,156.96,156.99,156.99,156.96,156.97
01/20/2022,11:39,157.0,157.01,157.0,157.01,157.01,157.03,157.01,157.03
01/20/2022,11:40,156.93,156.93,156.93,156.93,156.94,156.94,156.94,156.94
01/20/2022,11:41,156.92,156.95,156.89,156.89,156.93,156.96,156.9,156.91
01/20/2022,11:42,156.89,156.9,156.77,156.78,156.91,156.91,156.79,156.8
01/20/2022,11:43,156.79,156.79,156.76,156.76,156.81,156.82,156.77,156.77
01/20/2022,11:44,156.72,156.78,156.72,156.74,156.75,156.81,156.75,156.78
01/20/2022,11:45,156.78,156.84,156.78,156.84,156.8,156.85,156.79,156.85
01/20/2022,11:46,156.84,156.89,156.84,156.89,156.87,156.92,156.87,156.92
01/20/2022,11:47,156.87,156.89,156.87,156.88,156.9,156.91,156.9,156.91
01/20/2022,11:48,156.91,156.91,156.91,156.91,156.92,156.92,156.92,156.92
01/20/2022,11:49,156.86,156.87,156.82,156.87,156.87,156.88,156.84,156.88
01/20/2022,11:50,156.85,156.92,156.85,156.91,156.88,156.94,156.88,156.93
01/20/2022,11:51,156.92,156.92,156.91,156.92,156.92,156.95,156.92,156.93
01/20/2022,11:52,156.9,156.9,156.88,156.88,156.92,156.92,156.89,156.89
01/20/2022,11:53,156.82,156.82,156.82,156.82,156.84,156.84,156.84,156.84
01/20/2022,11:54,156.76,156.76,156.76,156.76,156.79,156.79,156.79,156.79
01/20/2022,11:55,156.79,156.8,156.78,156.78,156.8,156.81,156.79,156.79
01/20/2022,11:56,156.81,156.85,156.81,156.85,156.84,156.87,156.84,156.87
01/20/2022,11:57,156.85,156.85,156.85,156.85,156.86,156.86,156.86,156.86
01/20/2022,11:58,156.83,156.83,156.83,156.83,156.85,156.85,156.84,156.84
01/20/2022,11:59,156.8,156.81,156.8,156.81,156.81,156.83,156.81,156.83
01/20/2022,12:01,156.9,156.9,156.82,156.82,156.91,156.91,156.83,156.83
01/20/2022,12:02,156.84,156.84,156.84,156.84,156.85,156.85,156.85,156.85
01/20/2022,12:03,156.81,156.81,156.79,156.8,156.83,156.83,156.8,156.81
01/20/2022,12:04,156.82,156.82,156.82,156.82,156.84,156.84,156.84,156.84
01/20/2022,12:05,156.75,156.76,156.75,156.75,156.77,156.78,156.77,156.77
01/20/2022,12:06,156.75,156.78,156.75,156.76,156.77,156.78,156.77,156.78
01/20/2022,12:07,156.77,156.77,156.73,156.73,156.78,156.78,156.74,156.74
01/20/2022,12:08,156.74,156.74,156.71,156.74,156.75,156.76,156.74,156.76
01/20/2022,12:09,156.72,156.72,156.72,156.72,156.75,156.75,156.75,156.75
01/20/2022,12:10,156.69,156.72,156.69,156.72,156.7,156.73,156.7,156.73
01/20/2022,12:11,156.72,156.73,156.72,156.73,156.75,156.75,156.74,156.75
01/20/2022,12:12,156.75,156.75,156.72,156.73,156.76,156.76,156.73,156.73
01/20/2022,12:13,156.73,156.73,156.7,156.71,156.74,156.74,156.71,156.72
01/20/2022,12:14,156.71,156.75,156.71,156.74,156.72,156.76,156.72,156.75
01/20/2022,12:15,156.74,156.74,156.69,156.69,156.75,156.75,156.7,156.7
01/20/2022,12:16,156.68,156.69,156.67,156.67,156.69,156.7,156.68,156.68
01/20/2022,12:17,156.7,156.7,156.7,156.7,156.71,156.71,156.71,156.71
01/20/2022,12:18,156.67,156.67,156.66,156.66,156.68,156.68,156.68,156.68
01/20/2022,12:19,156.68,156.68,156.6,156.6,156.69,156.69,156.62,156.62
01/20/2022,12:20,156.59,156.62,156.58,156.58,156.6,156.63,156.6,156.6
01/20/2022,12:21,156.59,156.6,156.59,156.6,156.6,156.61,156.6,156.61
01/20/2022,12:22,156.59,156.6,156.59,156.6,156.61,156.61,156.61,156.61
01/20/2022,12:23,156.6,156.61,156.6,156.61,156.61,156.62,156.61,156.62
01/20/2022,12:24,156.64,156.66,156.63,156.63,156.65,156.67,156.65,156.65
01/20/2022,12:25,156.63,156.67,156.63,156.64,156.64,156.69,156.64,156.65
01/20/2022,12:26,156.66,156.66,156.62,156.64,156.67,156.67,156.64,156.65
01/20/2022,12:27,156.61,156.69,156.61,156.69,156.62,156.7,156.62,156.7
01/20/2022,12:28,156.7,156.71,156.68,156.68,156.71,156.72,156.69,156.69
01/20/2022,12:29,156.71,156.74,156.71,156.74,156.72,156.76,156.72,156.76
01/20/2022,12:30,156.73,156.8,156.72,156.8,156.74,156.81,156.73,156.81
01/20/2022,12:31,156.82,156.83,156.8,156.8,156.83,156.84,156.82,156.82
01/20/2022,12:32,156.76,156.77,156.76,156.77,156.77,156.78,156.77,156.78
01/20/2022,12:33,156.81,156.81,156.81,156.81,156.82,156.82,156.82,156.82
01/20/2022,12:34,156.81,156.81,156.8,156.8,156.82,156.82,156.81,156.81
01/20/2022,12:35,156.79,156.79,156.79,156.79,156.8,156.8,156.8,156.8
01/20/2022,12:36,156.8,156.81,156.8,156.81,156.81,156.82,156.81,156.82
01/20/2022,12:37,156.81,156.81,156.81,156.81,156.82,156.82,156.82,156.82
01/20/2022,12:38,156.7,156.7,156.7,156.7,156.72,156.72,156.71,156.71
01/20/2022,12:39,156.72,156.76,156.71,156.75,156.73,156.77,156.72,156.76
01/20/2022,12:40,156.76,156.76,156.75,156.75,156.77,156.77,156.76,156.76
01/20/2022,12:41,156.79,156.8,156.78,156.8,156.8,156.81,156.79,156.81
01/20/2022,12:42,156.81,156.81,156.79,156.79,156.82,156.82,156.8,156.8
01/20/2022,12:43,156.78,156.8,156.78,156.8,156.79,156.81,156.79,156.81
01/20/2022,12:44,156.79,156.79,156.74,156.76,156.8,156.8,156.76,156.77
01/20/2022,12:45,156.73,156.74,156.71,156.74,156.75,156.75,156.72,156.75
01/20/2022,12:46,156.7,156.74,156.7,156.74,156.72,156.75,156.72,156.75
01/20/2022,12:47,156.71,156.71,156.71,156.71,156.73,156.73,156.73,156.73
01/20/2022,12:48,156.69,156.69,156.68,156.68,156.71,156.71,156.69,156.69
01/20/2022,12:49,156.68,156.71,156.68,156.71,156.69,156.72,156.69,156.72
01/20/2022,12:50,156.7,156.7,156.61,156.62,156.71,156.72,156.63,156.63
01/20/2022,12:51,156.62,156.63,156.62,156.63,156.63,156.64,156.63,156.64
01/20/2022,12:52,156.67,156.68,156.67,156.68,156.68,156.69,156.68,156.69
01/20/2022,12:53,156.69,156.69,156.66,156.67,156.7,156.71,156.67,156.68
01/20/2022,12:54,156.66,156.66,156.59,156.59,156.67,156.67,156.62,156.62
01/20/2022,12:55,156.57,156.57,156.54,156.54,156.58,156.58,156.55,156.55
01/20/2022,12:56,156.58,156.58,156.58,156.58,156.61,156.61,156.61,156.61
01/20/2022,12:57,156.59,156.63,156.59,156.6,156.61,156.64,156.61,156.61
01/20/2022,12:58,156.6,156.61,156.6,156.61,156.61,156.62,156.61,156.62
01/20/2022,12:59,156.57,156.57,156.57,156.57,156.6,156.6,156.6,156.6
01/20/2022,13:00,156.57,156.57,156.53,156.53,156.58,156.58,156.56,156.56
01/20/2022,13:01,156.54,156.54,156.49,156.51,156.55,156.55,156.5,156.52
01/20/2022,13:02,156.5,156.51,156.49,156.49,156.51,156.52,156.5,156.5
01/20/2022,13:03,156.47,156.48,156.39,156.42,156.48,156.5,156.4,156.43
01/20/2022,13:04,156.41,156.42,156.41,156.42,156.42,156.42,156.42,156.42
01/20/2022,13:05,156.35,156.36,156.34,156.34,156.36,156.37,156.36,156.36
01/20/2022,13:06,156.37,156.43,156.37,156.4,156.38,156.45,156.38,156.41
01/20/2022,13:07,156.37,156.37,156.36,156.36,156.4,156.4,156.37,156.37
01/20/2022,13:08,156.35,156.37,156.33,156.36,156.36,156.38,156.35,156.38
01/20/2022,13:09,156.34,156.34,156.34,156.34,156.35,156.35,156.35,156.35
01/20/2022,13:10,156.32,156.38,156.32,156.38,156.34,156.4,156.34,156.4
01/20/2022,13:11,156.38,156.4,156.35,156.35,156.39,156.4,156.37,156.37
01/20/2022,13:12,156.36,156.36,156.34,156.36,156.37,156.37,156.35,156.37
01/20/2022,13:13,156.43,156.43,156.43,156.43,156.44,156.45,156.44,156.45
01/20/2022,13:14,156.44,156.44,156.41,156.41,156.45,156.45,156.43,156.43
01/20/2022,13:15,156.37,156.37,156.37,156.37,156.4,156.4,156.4,156.4
01/20/2022,13:16,156.35,156.36,156.31,156.31,156.37,156.38,156.33,156.33
01/20/2022,13:17,156.29,156.29,156.26,156.26,156.31,156.31,156.28,156.28
01/20/2022,13:18,156.27,156.34,156.25,156.3,156.29,156.35,156.27,156.32
01/20/2022,13:19,156.26,156.26,156.26,156.26,156.29,156.29,156.29,156.29
01/20/2022,13:20,156.34,156.36,156.34,156.36,156.35,156.38,156.35,156.37
01/20/2022,13:21,156.34,156.34,156.3,156.3,156.36,156.36,156.31,156.31
01/20/2022,13:22,156.28,156.29,156.27,156.28,156.31,156.31,156.29,156.29
01/20/2022,13:24,156.3,156.3,156.3,156.3,156.32,156.32,156.32,156.32
01/20/2022,13:27,156.4,156.4,156.39,156.39,156.41,156.41,156.41,156.41
01/20/2022,13:28,156.38,156.4,156.37,156.37,156.4,156.42,156.39,156.39
01/20/2022,13:29,156.32,156.33,156.32,156.33,156.35,156.36,156.35,156.36
01/20/2022,13:30,156.33,156.35,156.27,156.27,156.34,156.36,156.3,156.3
01/20/2022,13:32,156.33,156.33,156.31,156.31,156.36,156.36,156.32,156.32
01/20/2022,13:33,156.28,156.34,156.28,156.34,156.31,156.36,156.31,156.36
01/20/2022,13:34,156.35,156.35,156.33,156.33,156.37,156.37,156.35,156.35
01/20/2022,13:35,156.33,156.33,156.32,156.32,156.36,156.36,156.33,156.33
01/20/2022,13:36,156.31,156.31,156.31,156.31,156.34,156.34,156.34,156.34
01/20/2022,13:37,156.3,156.35,156.28,156.32,156.31,156.37,156.31,156.34
01/20/2022,13:38,156.32,156.32,156.31,156.31,156.34,156.34,156.33,156.33
01/20/2022,13:39,156.39,156.4,156.38,156.39,156.4,156.42,156.4,156.4
01/20/2022,13:40,156.4,156.43,156.38,156.42,156.41,156.45,156.39,156.43
01/20/2022,13:41,156.42,156.42,156.38,156.38,156.42,156.43,156.39,156.39
01/20/2022,13:42,156.39,156.39,156.39,156.39,156.41,156.41,156.41,156.41
01/20/2022,13:43,156.41,156.42,156.41,156.42,156.42,156.43,156.42,156.43
01/20/2022,13:44,156.44,156.44,156.38,156.38,156.45,156.45,156.39,156.39
01/20/2022,13:45,156.33,156.33,156.28,156.3,156.35,156.35,156.3,156.33
01/20/2022,13:46,156.3,156.35,156.3,156.35,156.33,156.37,156.33,156.37
01/20/2022,13:47,156.34,156.38,156.34,156.37,156.36,156.4,156.36,156.39
01/20/2022,13:48,156.33,156.34,156.32,156.32,156.35,156.35,156.34,156.34
01/20/2022,13:49,156.35,156.35,156.35,156.35,156.36,156.37,156.36,156.37
01/20/2022,13:50,156.35,156.35,156.35,156.35,156.36,156.36,156.36,156.36
01/20/2022,13:52,156.39,156.42,156.39,156.42,156.4,156.43,156.4,156.43
01/20/2022,13:53,156.41,156.43,156.41,156.42,156.43,156.45,156.42,156.43
01/20/2022,13:54,156.4,156.42,156.39,156.42,156.42,156.43,156.4,156.43
01/20/2022,13:55,156.4,156.4,156.38,156.38,156.41,156.41,156.39,156.39
01/20/2022,13:56,156.37,156.37,156.32,156.32,156.39,156.39,156.35,156.35
01/20/2022,13:57,156.31,156.31,156.27,156.27,156.33,156.33,156.29,156.3
01/20/2022,13:58,156.31,156.31,156.3,156.31,156.32,156.32,156.31,156.32
01/20/2022,13:59,156.32,156.32,156.25,156.27,156.34,156.34,156.26,156.28
01/20/2022,14:00,156.28,156.32,156.28,156.32,156.29,156.35,156.29,156.33
01/20/2022,14:01,156.34,156.34,156.34,156.34,156.36,156.37,156.35,156.35
01/20/2022,14:02,156.37,156.39,156.37,156.39,156.39,156.4,156.39,156.4
01/20/2022,14:03,156.45,156.54,156.45,156.52,156.47,156.56,156.47,156.54
01/20/2022,14:04,156.6,156.6,156.59,156.59,156.61,156.61,156.61,156.61
01/20/2022,14:05,156.62,156.62,156.6,156.6,156.64,156.64,156.62,156.62
01/20/2022,14:08,156.57,156.57,156.56,156.56,156.59,156.59,156.59,156.59
01/20/2022,14:09,156.57,156.58,156.56,156.58,156.58,156.59,156.57,156.59
01/20/2022,14:10,156.56,156.61,156.54,156.57,156.58,156.63,156.55,156.59
01/20/2022,14:11,156.57,156.58,156.5,156.5,156.59,156.59,156.52,156.52
01/20/2022,14:12,156.5,156.5,156.26,156.31,156.52,156.52,156.29,156.34
01/20/2022,14:13,156.34,156.34,156.22,156.25,156.36,156.36,156.24,156.27
01/20/2022,14:14,156.21,156.21,156.2,156.2,156.23,156.23,156.21,156.21
01/20/2022,14:15,156.21,156.26,156.15,156.15,156.23,156.27,156.17,156.17
01/20/2022,14:16,156.19,156.19,156.14,156.14,156.2,156.2,156.15,156.15
01/20/2022,14:17,156.12,156.18,156.12,156.18,156.15,156.21,156.15,156.21
01/20/2022,14:18,156.26,156.29,156.24,156.25,156.27,156.31,156.26,156.26
01/20/2022,14:19,156.25,156.25,156.23,156.23,156.26,156.26,156.24,156.24
01/20/2022,14:20,156.22,156.25,156.22,156.23,156.24,156.27,156.24,156.24
01/20/2022,14:21,156.23,156.25,156.21,156.23,156.24,156.26,156.23,156.24
01/20/2022,14:22,156.23,156.23,156.21,156.21,156.24,156.25,156.22,156.22
01/20/2022,14:23,156.21,156.21,156.13,156.13,156.22,156.22,156.14,156.14
01/20/2022,14:24,156.1,156.19,156.1,156.19,156.11,156.21,156.11,156.21
01/20/2022,14:25,156.16,156.16,156.12,156.12,156.17,156.17,156.13,156.13
01/20/2022,14:26,156.17,156.17,156.15,156.15,156.18,156.18,156.16,156.16
01/20/2022,14:27,156.08,156.08,156.01,156.02,156.09,156.09,156.02,156.03
01/20/2022,14:28,156.04,156.05,156.02,156.02,156.06,156.06,156.05,156.05
01/20/2022,14:29,156.04,156.04,156.01,156.01,156.05,156.05,156.03,156.03
01/20/2022,14:30,156.01,156.01,155.91,155.96,156.03,156.03,155.92,155.98
01/20/2022,14:31,155.92,155.92,155.87,155.87,155.94,155.94,155.88,155.89
01/20/2022,14:32,155.88,155.98,155.88,155.98,155.89,156.0,155.89,155.99
01/20/2022,14:33,155.98,155.98,155.85,155.85,155.99,155.99,155.87,155.87
01/20/2022,14:34,155.87,155.87,155.83,155.83,155.88,155.88,155.86,155.86
01/20/2022,14:35,155.88,155.88,155.84,155.87,155.89,155.89,155.85,155.88
01/20/2022,14:36,155.87,155.88,155.87,155.88,155.89,155.89,155.88,155.88
01/20/2022,14:37,155.84,155.84,155.74,155.74,155.86,155.86,155.77,155.77
01/20/2022,14:38,155.78,155.79,155.78,155.79,155.81,155.81,155.8,155.8
01/20/2022,14:39,155.81,155.83,155.79,155.79,155.82,155.84,155.81,155.82
01/20/2022,14:40,155.78,155.78,155.72,155.72,155.79,155.8,155.72,155.72
01/20/2022,14:41,155.74,155.75,155.72,155.74,155.75,155.77,155.73,155.75
01/20/2022,14:42,155.73,155.76,155.71,155.71,155.74,155.77,155.72,155.73
01/20/2022,14:43,155.73,155.79,155.73,155.79,155.76,155.8,155.76,155.8
01/20/2022,14:44,155.77,155.77,155.75,155.77,155.78,155.79,155.76,155.79
01/20/2022,14:45,155.8,155.8,155.8,155.8,155.82,155.83,155.82,155.83
01/20/2022,14:46,155.86,155.86,155.82,155.82,155.87,155.87,155.84,155.84
01/20/2022,14:47,155.79,155.79,155.74,155.75,155.81,155.82,155.74,155.77
01/20/2022,14:48,155.75,155.75,155.72,155.73,155.76,155.77,155.75,155.75
01/20/2022,14:49,155.74,155.88,155.74,155.87,155.77,155.9,155.77,155.88
01/20/2022,14:50,155.85,155.95,155.83,155.9,155.87,155.96,155.85,155.91
01/20/2022,14:51,155.89,155.89,155.84,155.84,155.91,155.91,155.85,155.87
01/20/2022,14:52,155.85,155.85,155.78,155.78,155.87,155.87,155.79,155.79
01/20/2022,14:53,155.76,155.81,155.76,155.81,155.79,155.82,155.78,155.82
01/20/2022,14:54,155.81,155.82,155.81,155.82,155.83,155.84,155.83,155.84
01/20/2022,14:56,155.88,155.88,155.78,155.79,155.91,155.91,155.79,155.81
01/20/2022,14:57,155.79,155.84,155.79,155.81,155.81,155.86,155.81,155.83
01/20/2022,14:58,155.79,155.81,155.79,155.8,155.82,155.84,155.82,155.82
01/20/2022,14:59,155.79,155.79,155.77,155.79,155.81,155.81,155.8,155.81
01/20/2022,15:02,155.8,155.88,155.8,155.88,155.83,155.91,155.83,155.91
01/20/2022,15:03,155.85,155.85,155.68,155.68,155.87,155.87,155.71,155.71
01/20/2022,15:04,155.68,155.7,155.6,155.63,155.71,155.71,155.61,155.65
01/20/2022,15:05,155.65,155.65,155.65,155.65,155.66,155.66,155.66,155.66
01/20/2022,15:06,155.58,155.58,155.56,155.58,155.59,155.6,155.58,155.6
01/20/2022,15:07,155.5,155.5,155.47,155.5,155.51,155.51,155.5,155.51
01/20/2022,15:08,155.48,155.49,155.38,155.38,155.49,155.5,155.4,155.4
01/20/2022,15:09,155.4,155.4,155.35,155.35,155.42,155.42,155.37,155.37
01/20/2022,15:10,155.4,155.46,155.4,155.46,155.42,155.47,155.42,155.47
01/20/2022,15:11,155.51,155.51,155.48,155.5,155.52,155.54,155.5,155.52
01/20/2022,15:12,155.43,155.43,155.43,155.43,155.46,155.46,155.45,155.45
01/20/2022,15:13,155.4,155.4,155.36,155.4,155.43,155.43,155.37,155.42
01/20/2022,15:14,155.35,155.35,155.29,155.34,155.36,155.36,155.32,155.35
01/20/2022,15:15,155.35,155.4,155.35,155.37,155.38,155.41,155.38,155.39
01/20/2022,15:16,155.35,155.38,155.35,155.38,155.36,155.41,155.36,155.41
01/20/2022,15:17,155.4,155.4,155.37,155.39,155.42,155.42,155.38,155.4
01/20/2022,15:18,155.35,155.35,155.35,155.35,155.37,155.37,155.36,155.36
01/20/2022,15:19,155.4,155.51,155.37,155.49,155.41,155.53,155.4,155.5
01/20/2022,15:20,155.45,155.45,155.41,155.41,155.48,155.48,155.42,155.42
01/20/2022,15:21,155.41,155.41,155.35,155.35,155.42,155.42,155.36,155.36
01/20/2022,15:22,155.35,155.36,155.32,155.36,155.36,155.39,155.33,155.39
01/20/2022,15:23,155.32,155.32,155.19,155.19,155.33,155.33,155.21,155.21
01/20/2022,15:24,155.2,155.24,155.2,155.21,155.22,155.25,155.22,155.23
01/20/2022,15:25,155.18,155.18,155.1,155.12,155.2,155.2,155.12,155.14
01/20/2022,15:26,155.13,155.13,155.06,155.06,155.14,155.14,155.08,155.08
01/20/2022,15:27,155.07,155.09,155.05,155.07,155.09,155.12,155.06,155.08
01/20/2022,15:28,155.03,155.14,155.01,155.14,155.05,155.15,155.02,155.15
01/20/2022,15:29,155.16,155.24,155.07,155.07,155.18,155.26,155.1,155.1
01/20/2022,15:30,155.05,155.05,154.98,154.99,155.08,155.08,155.0,155.01
01/20/2022,15:31,155.04,155.04,154.99,155.01,155.06,155.06,155.01,155.03
01/20/2022,15:32,155.02,155.02,154.89,154.9,155.03,155.03,154.91,154.92
01/20/2022,15:33,154.92,154.96,154.92,154.96,154.94,154.98,154.93,154.98
01/20/2022,15:34,154.95,155.0,154.91,154.91,154.96,155.01,154.92,154.92
01/20/2022,15:35,154.85,154.85,154.81,154.82,154.86,154.86,154.83,154.83
01/20/2022,15:36,154.83,154.83,154.75,154.79,154.85,154.85,154.77,154.8
01/20/2022,15:37,154.72,154.74,154.59,154.59,154.74,154.75,154.61,154.61
01/20/2022,15:38,154.61,154.62,154.51,154.51,154.62,154.63,154.53,154.54
01/20/2022,15:39,154.52,154.68,154.49,154.68,154.54,154.69,154.51,154.69
01/20/2022,15:40,154.7,154.73,154.55,154.59,154.71,154.74,154.58,154.61
01/20/2022,15:41,154.6,154.74,154.59,154.67,154.61,154.75,154.6,154.68
01/20/2022,15:42,154.7,154.7,154.6,154.6,154.71,154.73,154.61,154.61
01/20/2022,15:43,154.57,154.61,154.57,154.6,154.6,154.64,154.59,154.61
01/20/2022,15:44,154.55,154.55,154.51,154.51,154.57,154.57,154.53,154.53
01/20/2022,15:45,154.46,154.47,154.41,154.47,154.48,154.5,154.42,154.5
01/20/2022,15:46,154.42,154.54,154.39,154.41,154.45,154.57,154.42,154.44
01/20/2022,15:47,154.44,154.45,154.33,154.33,154.46,154.48,154.35,154.35
01/20/2022,15:48,154.33,154.44,154.31,154.33,154.34,154.45,154.33,154.34
01/20/2022,15:49,154.32,154.32,154.27,154.27,154.32,154.34,154.28,154.28
01/20/2022,15:50,154.22,154.39,154.11,154.32,154.25,154.42,154.15,154.33
01/20/2022,15:51,154.37,154.41,154.33,154.33,154.38,154.44,154.35,154.35
01/20/2022,15:52,154.32,154.32,154.12,154.15,154.35,154.35,154.16,154.18
01/20/2022,15:53,154.11,154.11,154.02,154.02,154.13,154.13,154.04,154.04
01/20/2022,15:54,154.01,154.01,153.92,153.93,154.02,154.02,153.93,153.95
01/20/2022,15:55,153.93,153.93,153.67,153.67,153.95,153.95,153.68,153.68
01/20/2022,15:56,153.74,153.8,153.68,153.77,153.75,153.83,153.69,153.8
01/20/2022,15:57,153.76,153.85,153.71,153.84,153.78,153.86,153.73,153.85
01/20/2022,15:58,153.84,153.89,153.7,153.7,153.85,153.91,153.71,153.71
01/20/2022,15:59,153.7,153.95,153.68,153.76,153.73,153.98,153.7,153.79
01/20/2022,16:00,153.76,153.76,153.76,153.76,153.85,153.85,153.85,153.85
01/20/2022,18:57,150.77,150.77,150.77,150.77,153.88,153.88,153.88,153.88
