02/03/2022,09:25,154.94,154.94,154.94,154.94,156.0,156.0,156.0,156.0
02/03/2022,09:29,155.66,155.66,155.66,155.66,155.67,155.67,155.67,155.67
02/03/2022,09:30,155.66,155.85,155.57,155.84,155.67,155.9,155.65,155.89
02/03/2022,09:31,155.77,155.77,155.51,155.58,155.82,155.82,155.56,155.59
02/03/2022,09:32,155.5,155.59,155.44,155.49,155.55,155.6,155.49,155.53
02/03/2022,09:33,155.36,155.38,155.27,155.35,155.42,155.44,155.36,155.42
02/03/2022,09:34,155.24,155.25,155.14,155.22,155.3,155.32,155.2,155.32
02/03/2022,09:35,155.27,155.45,155.27,155.45,155.3,155.51,155.3,155.51
02/03/2022,09:36,155.49,155.55,155.41,155.41,155.53,155.58,155.47,155.47
02/03/2022,09:37,155.39,155.46,155.32,155.32,155.45,155.49,155.37,155.37
02/03/2022,09:38,155.29,155.39,155.29,155.39,155.34,155.42,155.34,155.42
02/03/2022,09:39,155.43,155.61,155.43,155.61,155.46,155.66,155.46,155.66
02/03/2022,09:40,155.57,155.73,155.57,155.73,155.62,155.77,155.62,155.77
02/03/2022,09:41,155.76,155.76,155.63,155.64,155.8,155.8,155.68,155.68
02/03/2022,09:42,155.65,155.65,155.55,155.58,155.69,155.69,155.6,155.63
02/03/2022,09:43,155.54,155.55,155.47,155.47,155.57,155.58,155.53,155.53
02/03/2022,09:44,155.45,155.47,155.41,155.41,155.48,155.52,155.45,155.45
02/03/2022,09:45,155.42,155.44,155.33,155.33,155.46,155.47,155.35,155.37
02/03/2022,09:46,155.46,155.49,155.37,155.37,155.49,155.54,155.42,155.42
02/03/2022,09:47,155.31,155.32,155.22,155.22,155.34,155.34,155.26,155.26
02/03/2022,09:48,155.3,155.32,155.17,155.17,155.33,155.36,155.2,155.2
02/03/2022,09:49,155.16,155.26,155.16,155.22,155.2,155.29,155.2,155.25
02/03/2022,09:50,155.14,155.25,155.13,155.24,155.17,155.27,155.17,155.26
02/03/2022,09:51,155.23,155.36,155.23,155.31,155.27,155.38,155.27,155.35
02/03/2022,09:52,155.23,155.3,155.23,155.25,155.26,155.32,155.25,155.29
02/03/2022,09:53,155.23,155.23,155.07,155.1,155.25,155.25,155.1,155.13
02/03/2022,09:54,155.09,155.09,155.01,155.05,155.11,155.12,155.04,155.08
02/03/2022,09:55,155.01,155.12,155.01,155.09,155.05,155.15,155.05,155.12
02/03/2022,09:56,155.06,155.25,155.06,155.21,155.1,155.28,155.1,155.22
02/03/2022,09:57,155.22,155.29,155.22,155.24,155.22,155.32,155.22,155.26
02/03/2022,09:58,155.24,155.29,155.16,155.2,155.26,155.34,155.17,155.24
02/03/2022,09:59,155.2,155.21,155.11,155.12,155.22,155.23,155.14,155.16
02/03/2022,10:00,155.14,155.27,155.13,155.27,155.16,155.29,155.15,155.29
02/03/2022,10:01,155.29,155.29,155.2,155.25,155.32,155.32,155.22,155.28
02/03/2022,10:02,155.22,155.4,155.19,155.28,155.25,155.42,155.22,155.3
02/03/2022,10:03,155.2,155.29,155.2,155.24,155.22,155.32,155.22,155.26
02/03/2022,10:04,155.22,155.36,155.22,155.3,155.25,155.4,155.25,155.33
02/03/2022,10:05,155.25,155.41,155.24,155.41,155.27,155.44,155.24,155.44
02/03/2022,10:06,155.44,155.44,155.38,155.38,155.47,155.48,155.42,155.43
02/03/2022,10:07,155.39,155.45,155.39,155.4,155.43,155.49,155.42,155.42
02/03/2022,10:08,155.38,155.38,155.23,155.23,155.41,155.41,155.26,155.26
02/03/2022,10:09,155.17,155.35,155.16,155.35,155.2,155.37,155.18,155.37
02/03/2022,10:10,155.35,155.36,155.29,155.33,155.4,155.4,155.32,155.36
02/03/2022,10:11,155.31,155.35,155.25,155.27,155.34,155.37,155.28,155.3
02/03/2022,10:12,155.28,155.4,155.28,155.28,155.3,155.43,155.3,155.31
02/03/2022,10:13,155.28,155.32,155.22,155.27,155.31,155.34,155.26,155.3
02/03/2022,10:14,155.32,155.5,155.32,155.47,155.37,155.53,155.37,155.5
02/03/2022,10:15,155.49,155.6,155.48,155.53,155.5,155.63,155.5,155.54
02/03/2022,10:16,155.53,155.54,155.47,155.47,155.55,155.58,155.5,155.5
02/03/2022,10:17,155.43,155.51,155.39,155.39,155.45,155.55,155.43,155.43
02/03/2022,10:18,155.41,155.46,155.41,155.46,155.44,155.5,155.44,155.5
02/03/2022,10:19,155.48,155.49,155.44,155.46,155.51,155.52,155.46,155.51
02/03/2022,10:20,155.49,155.61,155.49,155.55,155.51,155.64,155.51,155.57
02/03/2022,10:21,155.52,155.53,155.46,155.49,155.57,155.57,155.49,155.52
02/03/2022,10:22,155.47,155.47,155.31,155.31,155.5,155.5,155.34,155.34
02/03/2022,10:23,155.28,155.41,155.28,155.41,155.3,155.45,155.3,155.44
02/03/2022,10:24,155.37,155.37,155.3,155.33,155.38,155.38,155.31,155.35
02/03/2022,10:25,155.35,155.44,155.35,155.44,155.37,155.47,155.36,155.47
02/03/2022,10:26,155.45,155.51,155.45,155.46,155.47,155.53,155.47,155.5
02/03/2022,10:27,155.44,155.5,155.44,155.5,155.45,155.53,155.45,155.53
02/03/2022,10:28,155.48,155.49,155.42,155.45,155.5,155.51,155.44,155.46
02/03/2022,10:29,155.46,155.5,155.43,155.5,155.48,155.55,155.44,155.55
02/03/2022,10:30,155.47,155.57,155.46,155.57,155.51,155.6,155.5,155.6
02/03/2022,10:31,155.57,155.57,155.46,155.46,155.6,155.6,155.48,155.48
02/03/2022,10:32,155.52,155.56,155.52,155.56,155.54,155.59,155.54,155.59
02/03/2022,10:34,155.52,155.59,155.52,155.59,155.55,155.61,155.55,155.6
02/03/2022,10:35,155.59,155.64,155.57,155.64,155.62,155.66,155.6,155.66
02/03/2022,10:36,155.66,155.68,155.63,155.63,155.69,155.71,155.66,155.66
02/03/2022,10:37,155.6,155.61,155.55,155.56,155.62,155.63,155.58,155.59
02/03/2022,10:38,155.55,155.55,155.5,155.52,155.56,155.58,155.52,155.54
02/03/2022,10:39,155.55,155.63,155.54,155.63,155.57,155.66,155.56,155.66
02/03/2022,10:40,155.69,155.69,155.69,155.69,155.72,155.72,155.72,155.72
02/03/2022,10:41,155.76,155.76,155.75,155.75,155.78,155.78,155.77,155.77
02/03/2022,10:42,155.76,155.76,155.72,155.74,155.77,155.79,155.74,155.75
02/03/2022,10:44,155.81,155.82,155.8,155.82,155.84,155.86,155.81,155.86
02/03/2022,10:45,155.87,155.9,155.84,155.86,155.89,155.91,155.86,155.89
02/03/2022,10:46,155.86,155.87,155.79,155.79,155.88,155.88,155.8,155.81
02/03/2022,10:47,155.77,155.8,155.69,155.71,155.8,155.82,155.69,155.72
02/03/2022,10:48,155.73,155.77,155.73,155.74,155.76,155.79,155.74,155.75
02/03/2022,10:49,155.71,155.71,155.65,155.7,155.72,155.72,155.66,155.71
02/03/2022,10:50,155.74,155.76,155.74,155.75,155.76,155.79,155.76,155.76
02/03/2022,10:51,155.76,155.79,155.75,155.75,155.79,155.8,155.76,155.76
02/03/2022,10:52,155.76,155.79,155.76,155.79,155.78,155.81,155.77,155.81
02/03/2022,10:53,155.79,155.8,155.76,155.79,155.8,155.82,155.78,155.81
02/03/2022,10:54,155.82,155.84,155.79,155.82,155.83,155.86,155.81,155.84
02/03/2022,10:55,155.82,155.84,155.81,155.82,155.84,155.85,155.82,155.83
02/03/2022,10:56,155.87,155.87,155.81,155.81,155.88,155.89,155.83,155.83
02/03/2022,10:57,155.84,155.88,155.84,155.86,155.85,155.9,155.85,155.88
02/03/2022,10:58,155.82,155.82,155.79,155.79,155.83,155.83,155.8,155.8
02/03/2022,10:59,155.76,155.77,155.69,155.77,155.79,155.79,155.72,155.79
02/03/2022,11:00,155.74,155.77,155.74,155.74,155.76,155.78,155.75,155.75
02/03/2022,11:02,155.76,155.76,155.71,155.71,155.78,155.78,155.73,155.74
02/03/2022,11:03,155.66,155.66,155.63,155.63,155.68,155.68,155.65,155.65
02/03/2022,11:04,155.61,155.65,155.61,155.65,155.62,155.67,155.62,155.67
02/03/2022,11:05,155.76,155.77,155.76,155.77,155.77,155.8,155.77,155.8
02/03/2022,11:06,155.75,155.75,155.75,155.75,155.77,155.77,155.77,155.77
02/03/2022,11:07,155.74,155.78,155.74,155.78,155.76,155.8,155.76,155.8
02/03/2022,11:08,155.79,155.81,155.79,155.81,155.82,155.85,155.82,155.83
02/03/2022,11:09,155.88,155.88,155.85,155.87,155.9,155.9,155.86,155.88
02/03/2022,11:10,155.86,155.87,155.84,155.84,155.87,155.89,155.85,155.85
02/03/2022,11:11,155.87,155.89,155.86,155.86,155.89,155.91,155.88,155.88
02/03/2022,11:12,155.84,155.84,155.8,155.8,155.85,155.85,155.83,155.83
02/03/2022,11:13,155.84,155.9,155.84,155.88,155.86,155.92,155.86,155.91
02/03/2022,11:14,155.94,155.94,155.87,155.87,155.97,155.97,155.9,155.9
02/03/2022,11:15,155.87,155.87,155.81,155.83,155.9,155.9,155.83,155.85
02/03/2022,11:16,155.85,155.87,155.82,155.87,155.86,155.89,155.83,155.88
02/03/2022,11:17,155.88,155.88,155.83,155.83,155.9,155.9,155.84,155.84
02/03/2022,11:18,155.82,155.86,155.82,155.84,155.84,155.87,155.84,155.87
02/03/2022,11:19,155.83,155.83,155.78,155.83,155.85,155.85,155.8,155.84
02/03/2022,11:20,155.83,155.83,155.77,155.81,155.84,155.84,155.79,155.82
02/03/2022,11:21,155.76,155.76,155.71,155.71,155.78,155.78,155.73,155.73
02/03/2022,11:22,155.77,155.77,155.69,155.69,155.8,155.8,155.71,155.71
02/03/2022,11:23,155.74,155.77,155.74,155.76,155.77,155.8,155.77,155.78
02/03/2022,11:24,155.77,155.77,155.75,155.75,155.8,155.8,155.78,155.78
02/03/2022,11:25,155.8,155.83,155.77,155.77,155.83,155.85,155.8,155.8
02/03/2022,11:26,155.85,155.85,155.81,155.81,155.86,155.86,155.83,155.84
02/03/2022,11:27,155.8,155.82,155.8,155.82,155.81,155.84,155.81,155.83
02/03/2022,11:28,155.77,155.8,155.72,155.72,155.8,155.81,155.75,155.75
02/03/2022,11:29,155.69,155.73,155.65,155.73,155.71,155.75,155.67,155.75
02/03/2022,11:30,155.78,155.79,155.77,155.77,155.79,155.8,155.78,155.79
02/03/2022,11:31,155.8,155.82,155.77,155.77,155.83,155.84,155.8,155.8
02/03/2022,11:32,155.75,155.75,155.7,155.7,155.77,155.77,155.72,155.72
02/03/2022,11:33,155.69,155.69,155.67,155.67,155.7,155.7,155.69,155.7
02/03/2022,11:34,155.67,155.67,155.6,155.62,155.68,155.68,155.62,155.64
02/03/2022,11:35,155.65,155.66,155.65,155.66,155.67,155.67,155.67,155.67
02/03/2022,11:36,155.68,155.69,155.65,155.65,155.71,155.71,155.66,155.66
02/03/2022,11:37,155.59,155.59,155.59,155.59,155.61,155.61,155.61,155.61
02/03/2022,11:38,155.58,155.62,155.58,155.6,155.61,155.63,155.61,155.62
02/03/2022,11:39,155.59,155.6,155.56,155.58,155.61,155.62,155.58,155.59
02/03/2022,11:40,155.58,155.58,155.47,155.52,155.61,155.61,155.49,155.54
02/03/2022,11:41,155.48,155.51,155.47,155.49,155.5,155.53,155.49,155.5
02/03/2022,11:42,155.47,155.52,155.45,155.5,155.48,155.54,155.47,155.51
02/03/2022,11:43,155.51,155.53,155.49,155.49,155.52,155.54,155.5,155.5
02/03/2022,11:44,155.48,155.51,155.48,155.51,155.5,155.54,155.49,155.54
02/03/2022,11:45,155.51,155.52,155.5,155.51,155.53,155.55,155.52,155.54
02/03/2022,11:46,155.49,155.51,155.47,155.49,155.51,155.53,155.49,155.5
02/03/2022,11:47,155.49,155.49,155.47,155.47,155.5,155.51,155.5,155.5
02/03/2022,11:49,155.53,155.53,155.53,155.53,155.55,155.55,155.55,155.55
02/03/2022,11:50,155.59,155.59,155.57,155.57,155.61,155.61,155.59,155.59
02/03/2022,11:51,155.6,155.6,155.57,155.57,155.62,155.62,155.6,155.6
02/03/2022,11:52,155.58,155.59,155.58,155.59,155.61,155.62,155.61,155.62
02/03/2022,11:53,155.55,155.55,155.55,155.55,155.58,155.58,155.57,155.57
02/03/2022,11:54,155.52,155.52,155.42,155.46,155.56,155.56,155.45,155.49
02/03/2022,11:55,155.48,155.51,155.48,155.51,155.52,155.54,155.52,155.54
02/03/2022,11:57,155.48,155.48,155.41,155.41,155.5,155.5,155.44,155.44
02/03/2022,11:58,155.42,155.44,155.42,155.43,155.45,155.46,155.44,155.44
02/03/2022,11:59,155.42,155.42,155.35,155.36,155.44,155.44,155.37,155.37
02/03/2022,12:00,155.38,155.42,155.38,155.42,155.39,155.45,155.39,155.45
02/03/2022,12:01,155.46,155.46,155.46,155.46,155.49,155.49,155.49,155.49
02/03/2022,12:02,155.36,155.37,155.3,155.3,155.39,155.4,155.32,155.32
02/03/2022,12:03,155.23,155.3,155.23,155.3,155.26,155.3,155.26,155.3
02/03/2022,12:04,155.28,155.28,155.25,155.25,155.3,155.3,155.27,155.27
02/03/2022,12:05,155.26,155.26,155.25,155.26,155.29,155.29,155.28,155.28
02/03/2022,12:06,155.29,155.29,155.29,155.29,155.31,155.31,155.31,155.31
02/03/2022,12:07,155.24,155.24,155.24,155.24,155.28,155.28,155.28,155.28
02/03/2022,12:08,155.22,155.3,155.22,155.3,155.25,155.31,155.25,155.3
02/03/2022,12:09,155.31,155.34,155.31,155.33,155.33,155.36,155.33,155.35
02/03/2022,12:10,155.3,155.32,155.28,155.32,155.33,155.34,155.31,155.34
02/03/2022,12:12,155.32,155.32,155.3,155.32,155.35,155.35,155.32,155.33
02/03/2022,12:13,155.29,155.31,155.29,155.31,155.32,155.34,155.32,155.34
02/03/2022,12:14,155.29,155.36,155.29,155.36,155.32,155.39,155.32,155.39
02/03/2022,12:15,155.34,155.36,155.32,155.32,155.36,155.38,155.35,155.35
02/03/2022,12:16,155.29,155.3,155.29,155.29,155.32,155.32,155.32,155.32
02/03/2022,12:17,155.25,155.28,155.25,155.26,155.28,155.3,155.27,155.27
02/03/2022,12:19,155.23,155.23,155.14,155.14,155.26,155.26,155.14,155.15
02/03/2022,12:20,155.11,155.15,155.11,155.15,155.13,155.17,155.13,155.17
02/03/2022,12:21,155.17,155.31,155.17,155.31,155.18,155.32,155.18,155.32
02/03/2022,12:22,155.26,155.26,155.21,155.25,155.27,155.27,155.24,155.26
02/03/2022,12:23,155.27,155.27,155.27,155.27,155.29,155.3,155.29,155.3
02/03/2022,12:24,155.34,155.34,155.34,155.34,155.35,155.35,155.35,155.35
02/03/2022,12:25,155.34,155.37,155.33,155.35,155.35,155.39,155.35,155.38
02/03/2022,12:27,155.29,155.32,155.29,155.32,155.3,155.35,155.3,155.35
02/03/2022,12:28,155.3,155.3,155.3,155.3,155.32,155.32,155.32,155.32
02/03/2022,12:30,155.28,155.29,155.28,155.29,155.3,155.32,155.3,155.32
02/03/2022,12:32,155.22,155.29,155.22,155.27,155.26,155.31,155.25,155.3
02/03/2022,12:33,155.23,155.29,155.23,155.29,155.26,155.33,155.26,155.33
02/03/2022,12:34,155.28,155.31,155.28,155.31,155.31,155.34,155.31,155.34
02/03/2022,12:35,155.34,155.46,155.34,155.44,155.37,155.49,155.37,155.47
02/03/2022,12:36,155.46,155.46,155.45,155.45,155.5,155.5,155.47,155.47
02/03/2022,12:37,155.43,155.44,155.43,155.44,155.45,155.46,155.45,155.46
02/03/2022,12:38,155.43,155.43,155.41,155.41,155.46,155.46,155.43,155.44
02/03/2022,12:39,155.4,155.43,155.39,155.41,155.43,155.44,155.42,155.43
02/03/2022,12:40,155.42,155.42,155.37,155.38,155.45,155.45,155.4,155.4
02/03/2022,12:41,155.39,155.39,155.37,155.37,155.41,155.41,155.39,155.39
02/03/2022,12:42,155.38,155.4,155.38,155.4,155.41,155.43,155.41,155.43
02/03/2022,12:43,155.42,155.42,155.36,155.36,155.44,155.44,155.39,155.39
02/03/2022,12:44,155.34,155.34,155.29,155.29,155.35,155.36,155.32,155.32
02/03/2022,12:45,155.32,155.32,155.27,155.27,155.34,155.34,155.31,155.31
02/03/2022,12:46,155.22,155.22,155.22,155.22,155.25,155.25,155.24,155.24
02/03/2022,12:47,155.2,155.2,155.13,155.17,155.23,155.23,155.16,155.2
02/03/2022,12:48,155.17,155.17,155.09,155.09,155.19,155.19,155.12,155.12
02/03/2022,12:49,155.15,155.15,155.13,155.13,155.15,155.16,155.15,155.16
02/03/2022,12:50,155.18,155.22,155.18,155.22,155.19,155.24,155.19,155.24
02/03/2022,12:51,155.2,155.25,155.2,155.25,155.24,155.27,155.24,155.27
02/03/2022,12:52,155.2,155.2,155.2,155.2,155.23,155.23,155.23,155.23
02/03/2022,12:53,155.24,155.24,155.18,155.18,155.27,155.27,155.21,155.21
02/03/2022,12:54,155.17,155.17,155.17,155.17,155.2,155.2,155.2,155.2
02/03/2022,12:55,155.21,155.21,155.19,155.19,155.24,155.24,155.22,155.22
02/03/2022,12:56,155.17,155.18,155.17,155.18,155.2,155.2,155.2,155.2
02/03/2022,12:57,155.24,155.25,155.2,155.2,155.26,155.27,155.22,155.22
02/03/2022,12:58,155.18,155.18,155.14,155.16,155.19,155.19,155.16,155.19
02/03/2022,12:59,155.23,155.23,155.21,155.21,155.26,155.26,155.24,155.24
02/03/2022,13:00,155.27,155.27,155.27,155.27,155.28,155.28,155.28,155.28
02/03/2022,13:01,155.24,155.24,155.24,155.24,155.26,155.26,155.26,155.26
02/03/2022,13:02,155.21,155.21,155.19,155.19,155.22,155.22,155.21,155.21
02/03/2022,13:03,155.19,155.19,155.13,155.16,155.21,155.21,155.15,155.18
02/03/2022,13:04,155.13,155.14,155.13,155.14,155.16,155.17,155.16,155.17
02/03/2022,13:06,155.22,155.22,155.18,155.18,155.26,155.26,155.21,155.21
02/03/2022,13:07,155.21,155.21,155.12,155.12,155.24,155.24,155.15,155.15
02/03/2022,13:08,155.15,155.18,155.15,155.18,155.18,155.19,155.17,155.19
02/03/2022,13:09,155.2,155.2,155.08,155.08,155.23,155.23,155.1,155.11
02/03/2022,13:10,155.04,155.09,155.01,155.09,155.05,155.12,155.03,155.12
02/03/2022,13:11,155.11,155.15,155.11,155.15,155.14,155.19,155.14,155.19
02/03/2022,13:12,155.15,155.17,155.1,155.1,155.18,155.2,155.11,155.12
02/03/2022,13:13,155.15,155.15,155.15,155.15,155.18,155.18,155.18,155.18
02/03/2022,13:14,155.15,155.15,155.15,155.15,155.16,155.18,155.16,155.18
02/03/2022,13:15,155.18,155.2,155.16,155.2,155.21,155.23,155.19,155.23
02/03/2022,13:16,155.27,155.27,155.23,155.23,155.29,155.29,155.27,155.27
02/03/2022,13:17,155.21,155.21,155.2,155.2,155.23,155.23,155.23,155.23
02/03/2022,13:18,155.17,155.19,155.17,155.18,155.2,155.22,155.2,155.2
02/03/2022,13:19,155.21,155.21,155.17,155.19,155.23,155.23,155.2,155.22
02/03/2022,13:20,155.17,155.17,155.17,155.17,155.2,155.2,155.2,155.2
02/03/2022,13:21,155.28,155.29,155.28,155.29,155.31,155.31,155.31,155.31
02/03/2022,13:22,155.27,155.32,155.26,155.32,155.3,155.33,155.29,155.33
02/03/2022,13:23,155.3,155.34,155.3,155.34,155.33,155.36,155.32,155.36
02/03/2022,13:25,155.35,155.35,155.35,155.35,155.36,155.36,155.36,155.36
02/03/2022,13:26,155.31,155.31,155.3,155.3,155.33,155.33,155.32,155.33
02/03/2022,13:27,155.28,155.28,155.28,155.28,155.31,155.31,155.31,155.31
02/03/2022,13:28,155.25,155.25,155.25,155.25,155.28,155.28,155.28,155.28
02/03/2022,13:29,155.22,155.24,155.22,155.24,155.25,155.27,155.25,155.27
02/03/2022,13:30,155.29,155.29,155.29,155.29,155.31,155.31,155.31,155.31
02/03/2022,13:31,155.36,155.36,155.32,155.35,155.38,155.38,155.34,155.36
02/03/2022,13:32,155.34,155.34,155.32,155.32,155.35,155.35,155.34,155.35
02/03/2022,13:33,155.36,155.37,155.36,155.37,155.37,155.4,155.37,155.38
02/03/2022,13:34,155.37,155.4,155.37,155.37,155.39,155.42,155.39,155.4
02/03/2022,13:35,155.34,155.34,155.34,155.34,155.37,155.37,155.37,155.37
02/03/2022,13:36,155.36,155.36,155.32,155.32,155.37,155.37,155.35,155.35
02/03/2022,13:37,155.33,155.33,155.3,155.3,155.34,155.34,155.32,155.32
02/03/2022,13:38,155.3,155.3,155.3,155.3,155.33,155.33,155.33,155.33
02/03/2022,13:39,155.3,155.32,155.3,155.32,155.33,155.33,155.33,155.33
02/03/2022,13:40,155.35,155.35,155.35,155.35,155.37,155.37,155.37,155.37
02/03/2022,13:41,155.38,155.38,155.37,155.38,155.39,155.4,155.39,155.39
02/03/2022,13:42,155.35,155.36,155.35,155.36,155.36,155.38,155.36,155.38
02/03/2022,13:43,155.37,155.38,155.37,155.38,155.38,155.4,155.38,155.4
02/03/2022,13:45,155.34,155.35,155.34,155.34,155.37,155.37,155.35,155.35
02/03/2022,13:46,155.38,155.42,155.35,155.42,155.39,155.44,155.37,155.44
02/03/2022,13:47,155.39,155.39,155.39,155.39,155.41,155.41,155.41,155.41
02/03/2022,13:48,155.44,155.44,155.42,155.42,155.45,155.45,155.44,155.44
02/03/2022,13:49,155.42,155.46,155.42,155.44,155.45,155.48,155.45,155.45
02/03/2022,13:50,155.44,155.44,155.44,155.44,155.46,155.46,155.46,155.46
02/03/2022,13:51,155.45,155.45,155.45,155.45,155.46,155.46,155.46,155.46
02/03/2022,13:52,155.4,155.4,155.34,155.34,155.42,155.42,155.36,155.36
02/03/2022,13:54,155.38,155.38,155.34,155.35,155.39,155.39,155.35,155.36
02/03/2022,13:55,155.31,155.31,155.31,155.31,155.34,155.34,155.34,155.34
02/03/2022,13:56,155.33,155.35,155.33,155.35,155.35,155.36,155.35,155.36
02/03/2022,13:57,155.33,155.33,155.33,155.33,155.36,155.36,155.36,155.36
02/03/2022,13:58,155.38,155.4,155.38,155.4,155.39,155.42,155.39,155.42
02/03/2022,13:59,155.36,155.39,155.36,155.39,155.38,155.4,155.38,155.4
02/03/2022,14:00,155.4,155.4,155.4,155.4,155.41,155.41,155.41,155.41
02/03/2022,14:01,155.39,155.39,155.33,155.33,155.41,155.41,155.34,155.34
02/03/2022,14:02,155.33,155.34,155.32,155.34,155.36,155.37,155.33,155.37
02/03/2022,14:03,155.36,155.44,155.36,155.43,155.38,155.46,155.38,155.45
02/03/2022,14:04,155.43,155.45,155.4,155.4,155.44,155.47,155.42,155.42
02/03/2022,14:05,155.44,155.44,155.44,155.44,155.47,155.47,155.47,155.47
02/03/2022,14:07,155.41,155.46,155.41,155.46,155.44,155.49,155.44,155.49
02/03/2022,14:08,155.5,155.51,155.49,155.51,155.53,155.53,155.51,155.52
02/03/2022,14:09,155.5,155.5,155.48,155.48,155.51,155.51,155.49,155.49
02/03/2022,14:10,155.52,155.55,155.47,155.47,155.54,155.56,155.5,155.5
02/03/2022,14:11,155.47,155.47,155.47,155.47,155.48,155.48,155.48,155.48
02/03/2022,14:12,155.44,155.5,155.44,155.45,155.47,155.52,155.47,155.48
02/03/2022,14:13,155.45,155.45,155.44,155.44,155.48,155.48,155.46,155.46
02/03/2022,14:14,155.45,155.48,155.45,155.46,155.46,155.49,155.46,155.48
02/03/2022,14:15,155.49,155.49,155.48,155.48,155.5,155.5,155.5,155.5
02/03/2022,14:16,155.48,155.51,155.48,155.51,155.49,155.53,155.49,155.53
02/03/2022,14:17,155.51,155.53,155.51,155.53,155.52,155.55,155.52,155.55
02/03/2022,14:18,155.51,155.51,155.48,155.48,155.53,155.53,155.49,155.49
02/03/2022,14:19,155.49,155.5,155.47,155.5,155.5,155.52,155.49,155.52
02/03/2022,14:20,155.49,155.51,155.49,155.51,155.5,155.53,155.5,155.53
02/03/2022,14:21,155.49,155.49,155.47,155.47,155.5,155.5,155.5,155.5
02/03/2022,14:22,155.47,155.47,155.46,155.46,155.48,155.48,155.47,155.47
02/03/2022,14:23,155.47,155.47,155.46,155.46,155.48,155.48,155.47,155.47
02/03/2022,14:24,155.47,155.47,155.46,155.46,155.48,155.48,155.47,155.47
02/03/2022,14:25,155.44,155.46,155.39,155.39,155.45,155.47,155.41,155.41
02/03/2022,14:27,155.34,155.35,155.31,155.31,155.35,155.36,155.33,155.33
02/03/2022,14:28,155.32,155.32,155.16,155.16,155.34,155.34,155.19,155.19
02/03/2022,14:29,155.18,155.24,155.18,155.24,155.2,155.27,155.2,155.27
02/03/2022,14:30,155.24,155.24,155.12,155.14,155.25,155.25,155.12,155.15
02/03/2022,14:31,155.14,155.16,155.14,155.16,155.16,155.18,155.16,155.18
02/03/2022,14:32,155.17,155.17,155.17,155.17,155.18,155.2,155.18,155.2
02/03/2022,14:33,155.2,155.2,155.19,155.19,155.22,155.22,155.2,155.2
02/03/2022,14:34,155.16,155.18,155.16,155.18,155.19,155.2,155.19,155.2
02/03/2022,14:35,155.21,155.21,155.17,155.17,155.23,155.23,155.19,155.19
02/03/2022,14:36,155.15,155.15,155.03,155.03,155.18,155.18,155.05,155.06
02/03/2022,14:37,155.04,155.05,154.99,155.01,155.06,155.06,155.01,155.02
02/03/2022,14:38,155.09,155.14,155.09,155.11,155.12,155.16,155.12,155.13
02/03/2022,14:39,155.08,155.08,155.06,155.06,155.1,155.1,155.08,155.08
02/03/2022,14:40,154.96,154.99,154.96,154.96,154.99,155.01,154.97,154.97
02/03/2022,14:41,154.96,154.97,154.9,154.92,154.99,155.0,154.94,154.94
02/03/2022,14:42,154.93,154.93,154.88,154.88,154.94,154.94,154.91,154.91
02/03/2022,14:43,154.89,154.92,154.87,154.87,154.91,154.94,154.88,154.88
02/03/2022,14:44,154.81,154.81,154.75,154.77,154.84,154.84,154.78,154.8
02/03/2022,14:45,154.79,154.79,154.77,154.77,154.82,154.82,154.79,154.79
02/03/2022,14:46,154.78,154.78,154.77,154.77,154.8,154.81,154.79,154.8
02/03/2022,14:47,154.78,154.85,154.78,154.84,154.8,154.87,154.8,154.87
02/03/2022,14:48,154.81,154.85,154.81,154.85,154.84,154.86,154.84,154.86
02/03/2022,14:49,154.86,154.86,154.82,154.82,154.87,154.87,154.85,154.85
02/03/2022,14:50,154.81,154.83,154.81,154.81,154.84,154.84,154.84,154.84
02/03/2022,14:51,154.81,154.84,154.81,154.83,154.83,154.86,154.83,154.86
02/03/2022,14:52,154.85,154.85,154.84,154.84,154.87,154.87,154.87,154.87
02/03/2022,14:53,154.83,154.86,154.83,154.85,154.85,154.88,154.85,154.88
02/03/2022,14:54,154.85,154.85,154.84,154.84,154.87,154.87,154.85,154.85
02/03/2022,14:55,154.85,154.96,154.85,154.94,154.87,154.99,154.87,154.95
02/03/2022,14:56,154.9,154.9,154.9,154.9,154.92,154.92,154.92,154.92
02/03/2022,14:57,154.91,154.95,154.9,154.95,154.93,154.97,154.93,154.97
02/03/2022,14:58,154.97,154.97,154.94,154.95,154.99,154.99,154.97,154.97
02/03/2022,14:59,154.91,154.91,154.9,154.9,154.92,154.92,154.92,154.92
02/03/2022,15:00,154.92,154.99,154.84,154.84,154.94,155.0,154.86,154.86
02/03/2022,15:01,154.86,154.9,154.85,154.88,154.87,154.91,154.86,154.89
02/03/2022,15:02,154.87,154.87,154.84,154.84,154.88,154.88,154.86,154.86
02/03/2022,15:03,154.82,154.82,154.73,154.74,154.83,154.83,154.74,154.75
02/03/2022,15:04,154.74,154.76,154.68,154.72,154.75,154.77,154.69,154.74
02/03/2022,15:05,154.74,154.78,154.73,154.78,154.76,154.8,154.74,154.79
02/03/2022,15:06,154.74,154.75,154.72,154.75,154.76,154.77,154.73,154.77
02/03/2022,15:07,154.75,154.81,154.75,154.78,154.76,154.84,154.76,154.8
02/03/2022,15:08,154.75,154.75,154.68,154.7,154.76,154.76,154.7,154.71
02/03/2022,15:09,154.71,154.72,154.71,154.71,154.72,154.75,154.72,154.72
02/03/2022,15:10,154.72,154.78,154.71,154.78,154.73,154.8,154.73,154.8
02/03/2022,15:11,154.8,154.87,154.78,154.86,154.82,154.88,154.8,154.87
02/03/2022,15:12,154.84,154.9,154.83,154.87,154.85,154.91,154.85,154.88
02/03/2022,15:13,154.83,154.86,154.81,154.82,154.86,154.87,154.82,154.83
02/03/2022,15:14,154.82,154.9,154.82,154.89,154.83,154.91,154.83,154.9
02/03/2022,15:15,154.89,155.0,154.89,154.99,154.91,155.01,154.91,155.01
02/03/2022,15:16,154.97,155.04,154.94,155.04,154.99,155.06,154.96,155.06
02/03/2022,15:17,155.03,155.07,155.02,155.04,155.05,155.1,155.04,155.05
02/03/2022,15:18,155.02,155.05,155.01,155.04,155.04,155.06,155.02,155.05
02/03/2022,15:19,155.05,155.05,154.97,155.03,155.06,155.06,154.98,155.04
02/03/2022,15:20,155.02,155.14,155.01,155.14,155.03,155.16,155.02,155.16
02/03/2022,15:21,155.15,155.18,155.13,155.13,155.17,155.19,155.15,155.15
02/03/2022,15:22,155.14,155.15,155.07,155.08,155.15,155.16,155.09,155.1
02/03/2022,15:23,155.1,155.16,155.08,155.15,155.11,155.17,155.09,155.16
02/03/2022,15:24,155.11,155.11,155.06,155.07,155.13,155.13,155.07,155.09
02/03/2022,15:25,155.06,155.08,155.0,155.0,155.08,155.09,155.01,155.01
02/03/2022,15:26,154.99,155.04,154.99,155.04,155.01,155.05,155.0,155.05
02/03/2022,15:27,155.04,155.06,154.94,154.97,155.05,155.07,154.95,154.98
02/03/2022,15:28,154.97,154.98,154.93,154.96,154.98,155.0,154.94,154.97
02/03/2022,15:29,154.96,155.04,154.96,155.04,154.98,155.06,154.98,155.06
02/03/2022,15:30,155.0,155.02,154.97,154.99,155.01,155.04,154.99,155.01
02/03/2022,15:31,155.02,155.02,154.94,154.97,155.03,155.03,154.95,154.98
02/03/2022,15:32,154.95,155.01,154.93,154.95,154.97,155.03,154.94,154.96
02/03/2022,15:33,154.95,154.98,154.88,154.88,154.96,155.0,154.89,154.89
02/03/2022,15:34,154.86,154.86,154.77,154.77,154.87,154.87,154.78,154.78
02/03/2022,15:35,154.76,154.8,154.73,154.78,154.77,154.81,154.75,154.81
02/03/2022,15:36,154.77,154.77,154.69,154.69,154.78,154.78,154.7,154.71
02/03/2022,15:37,154.67,154.73,154.67,154.71,154.69,154.74,154.69,154.72
02/03/2022,15:38,154.71,154.74,154.68,154.74,154.72,154.75,154.69,154.75
02/03/2022,15:39,154.73,154.75,154.7,154.73,154.74,154.77,154.71,154.74
02/03/2022,15:40,154.72,154.74,154.68,154.74,154.73,154.76,154.69,154.76
02/03/2022,15:41,154.74,154.83,154.74,154.83,154.75,154.84,154.75,154.84
02/03/2022,15:42,154.81,154.85,154.8,154.81,154.82,154.86,154.8,154.82
02/03/2022,15:43,154.81,154.82,154.79,154.81,154.82,154.83,154.8,154.82
02/03/2022,15:44,154.78,154.8,154.72,154.78,154.79,154.82,154.74,154.8
02/03/2022,15:45,154.79,154.79,154.59,154.59,154.8,154.8,154.6,154.6
02/03/2022,15:46,154.6,154.65,154.58,154.61,154.61,154.66,154.6,154.62
02/03/2022,15:47,154.6,154.62,154.55,154.62,154.61,154.63,154.56,154.63
02/03/2022,15:48,154.62,154.65,154.59,154.62,154.63,154.66,154.6,154.63
02/03/2022,15:49,154.61,154.69,154.59,154.61,154.62,154.7,154.6,154.63
02/03/2022,15:50,154.57,154.6,154.48,154.49,154.6,154.61,154.49,154.51
02/03/2022,15:51,154.47,154.56,154.47,154.53,154.49,154.57,154.49,154.54
02/03/2022,15:52,154.52,154.58,154.52,154.57,154.53,154.59,154.53,154.58
02/03/2022,15:53,154.57,154.59,154.52,154.55,154.58,154.6,154.53,154.56
02/03/2022,15:54,154.52,154.6,154.46,154.5,154.54,154.61,154.48,154.51
02/03/2022,15:55,154.53,154.89,154.53,154.88,154.54,154.9,154.54,154.89
02/03/2022,15:56,154.86,154.86,154.66,154.68,154.88,154.88,154.68,154.7
02/03/2022,15:57,154.68,154.69,154.55,154.65,154.7,154.7,154.58,154.66
02/03/2022,15:58,154.65,154.73,154.59,154.71,154.66,154.74,154.61,154.74
02/03/2022,15:59,154.7,154.7,154.51,154.64,154.71,154.71,154.53,154.65
02/03/2022,16:00,154.64,154.64,154.64,154.64,154.66,154.66,154.66,154.66
02/03/2022,16:36,153.36,153.36,153.36,153.36,155.45,155.45,155.45,155.45
02/03/2022,17:05,154.44,154.44,154.44,154.44,155.01,155.01,155.01,155.01
