01/04/2022,09:30,158.11,158.25,158.11,158.18,158.12,158.31,158.12,158.3
01/04/2022,09:31,158.28,158.43,158.25,158.41,158.29,158.47,158.26,158.43
01/04/2022,09:32,158.39,158.42,158.36,158.42,158.45,158.45,158.39,158.45
01/04/2022,09:33,158.39,158.43,158.39,158.43,158.43,158.48,158.43,158.48
01/04/2022,09:34,158.65,158.65,158.57,158.57,158.66,158.66,158.6,158.6
01/04/2022,09:35,158.64,158.64,158.43,158.43,158.68,158.68,158.47,158.47
01/04/2022,09:36,158.4,158.61,158.4,158.61,158.43,158.64,158.43,158.64
01/04/2022,09:37,158.52,158.56,158.46,158.56,158.53,158.58,158.5,158.58
01/04/2022,09:38,158.59,158.59,158.45,158.47,158.62,158.62,158.49,158.49
01/04/2022,09:39,158.51,158.51,158.51,158.51,158.53,158.53,158.52,158.52
01/04/2022,09:40,158.47,158.63,158.47,158.63,158.54,158.66,158.54,158.66
01/04/2022,09:41,158.58,158.65,158.55,158.58,158.61,158.68,158.59,158.62
01/04/2022,09:42,158.62,158.63,158.58,158.58,158.66,158.66,158.6,158.61
01/04/2022,09:43,158.55,158.55,158.54,158.54,158.59,158.59,158.58,158.58
01/04/2022,09:44,158.52,158.52,158.44,158.46,158.55,158.55,158.47,158.49
01/04/2022,09:45,158.48,158.52,158.48,158.5,158.5,158.55,158.5,158.53
01/04/2022,09:46,158.55,158.56,158.53,158.53,158.59,158.59,158.56,158.56
01/04/2022,09:47,158.57,158.57,158.57,158.57,158.59,158.59,158.59,158.59
01/04/2022,09:48,158.56,158.58,158.56,158.58,158.59,158.61,158.59,158.61
01/04/2022,09:49,158.54,158.54,158.54,158.54,158.58,158.58,158.58,158.58
01/04/2022,09:50,158.52,158.56,158.51,158.53,158.55,158.59,158.55,158.57
01/04/2022,09:51,158.57,158.62,158.55,158.62,158.59,158.66,158.57,158.66
01/04/2022,09:52,158.69,158.69,158.67,158.67,158.71,158.71,158.71,158.71
01/04/2022,09:54,158.72,158.78,158.7,158.75,158.75,158.79,158.73,158.76
01/04/2022,09:55,158.76,158.82,158.73,158.74,158.77,158.85,158.74,158.76
01/04/2022,09:56,158.73,158.73,158.65,158.65,158.74,158.74,158.67,158.67
01/04/2022,09:57,158.65,158.65,158.63,158.64,158.68,158.68,158.66,158.67
01/04/2022,09:58,158.65,158.74,158.65,158.74,158.68,158.77,158.68,158.77
01/04/2022,09:59,158.74,158.74,158.7,158.7,158.75,158.75,158.73,158.73
01/04/2022,10:00,158.7,158.76,158.7,158.76,158.75,158.79,158.71,158.78
01/04/2022,10:01,158.81,158.81,158.77,158.78,158.85,158.85,158.79,158.8
01/04/2022,10:02,158.78,158.78,158.78,158.78,158.82,158.82,158.82,158.82
01/04/2022,10:03,158.8,158.8,158.76,158.76,158.83,158.83,158.8,158.8
01/04/2022,10:04,158.73,158.85,158.73,158.83,158.76,158.89,158.76,158.86
01/04/2022,10:05,158.79,158.79,158.75,158.75,158.82,158.82,158.78,158.78
01/04/2022,10:06,158.79,158.79,158.76,158.76,158.82,158.82,158.79,158.79
01/04/2022,10:07,158.77,158.77,158.75,158.76,158.8,158.8,158.78,158.78
01/04/2022,10:08,158.79,158.85,158.79,158.85,158.82,158.87,158.82,158.87
01/04/2022,10:09,158.83,158.87,158.83,158.87,158.85,158.88,158.85,158.88
01/04/2022,10:11,158.92,158.94,158.88,158.91,158.93,158.95,158.91,158.93
01/04/2022,10:12,158.89,158.93,158.86,158.89,158.9,158.94,158.89,158.9
01/04/2022,10:13,158.88,158.92,158.88,158.92,158.89,158.93,158.89,158.93
01/04/2022,10:15,158.92,158.95,158.91,158.91,158.95,158.97,158.92,158.92
01/04/2022,10:16,158.89,158.89,158.88,158.88,158.9,158.91,158.89,158.91
01/04/2022,10:17,158.86,158.88,158.86,158.88,158.88,158.9,158.88,158.9
01/04/2022,10:18,158.87,158.87,158.87,158.87,158.89,158.89,158.89,158.89
01/04/2022,10:19,158.96,158.96,158.96,158.96,158.97,158.97,158.97,158.97
01/04/2022,10:20,159.0,159.0,159.0,159.0,159.03,159.03,159.03,159.03
01/04/2022,10:21,158.96,158.96,158.89,158.89,158.99,158.99,158.93,158.93
01/04/2022,10:22,158.85,158.85,158.83,158.83,158.88,158.88,158.86,158.86
01/04/2022,10:23,158.85,158.85,158.85,158.85,158.87,158.87,158.87,158.87
01/04/2022,10:24,158.94,158.94,158.94,158.94,158.96,158.96,158.96,158.96
01/04/2022,10:25,158.95,158.96,158.95,158.96,158.98,158.98,158.98,158.98
01/04/2022,10:26,158.85,158.85,158.81,158.81,158.88,158.88,158.83,158.83
01/04/2022,10:27,158.8,158.8,158.75,158.75,158.82,158.82,158.78,158.78
01/04/2022,10:28,158.85,158.85,158.85,158.85,158.86,158.86,158.86,158.86
01/04/2022,10:30,159.02,159.02,159.02,159.02,159.04,159.04,159.04,159.04
01/04/2022,10:31,158.98,158.99,158.98,158.99,159.0,159.01,159.0,159.01
01/04/2022,10:32,158.95,158.97,158.94,158.94,158.98,159.0,158.97,158.97
01/04/2022,10:33,158.92,158.92,158.88,158.88,158.95,158.95,158.91,158.91
01/04/2022,10:34,158.99,159.0,158.96,158.96,159.0,159.01,158.97,158.97
01/04/2022,10:35,159.0,159.0,158.99,159.0,159.01,159.02,159.0,159.02
01/04/2022,10:36,158.98,159.03,158.98,159.03,159.0,159.04,159.0,159.04
01/04/2022,10:37,159.03,159.03,159.03,159.03,159.04,159.04,159.04,159.04
01/04/2022,10:38,159.01,159.07,159.0,159.07,159.03,159.09,159.02,159.09
01/04/2022,10:39,159.06,159.07,159.06,159.07,159.08,159.09,159.08,159.09
01/04/2022,10:40,159.06,159.08,159.06,159.08,159.08,159.09,159.08,159.09
01/04/2022,10:41,159.07,159.08,159.07,159.08,159.09,159.1,159.09,159.1
01/04/2022,10:42,159.09,159.1,159.09,159.1,159.1,159.11,159.1,159.11
01/04/2022,10:43,159.08,159.12,159.08,159.12,159.1,159.13,159.1,159.13
01/04/2022,10:44,159.16,159.16,159.07,159.1,159.18,159.18,159.09,159.11
01/04/2022,10:45,159.05,159.13,159.05,159.12,159.08,159.14,159.08,159.14
01/04/2022,10:46,159.12,159.12,159.08,159.12,159.13,159.14,159.1,159.14
01/04/2022,10:47,159.14,159.15,159.14,159.15,159.16,159.16,159.16,159.16
01/04/2022,10:48,159.16,159.16,159.16,159.16,159.18,159.19,159.18,159.19
01/04/2022,10:49,159.13,159.13,159.12,159.12,159.15,159.15,159.15,159.15
01/04/2022,10:50,159.2,159.22,159.2,159.22,159.22,159.24,159.22,159.24
01/04/2022,10:51,159.24,159.25,159.24,159.25,159.25,159.28,159.25,159.28
01/04/2022,10:52,159.16,159.17,159.16,159.17,159.19,159.19,159.18,159.19
01/04/2022,10:53,159.16,159.16,159.16,159.16,159.17,159.17,159.17,159.17
01/04/2022,10:55,159.23,159.24,159.19,159.19,159.24,159.27,159.21,159.21
01/04/2022,10:56,159.2,159.2,159.14,159.14,159.23,159.23,159.16,159.16
01/04/2022,10:57,159.17,159.17,159.17,159.17,159.2,159.2,159.2,159.2
01/04/2022,10:58,159.17,159.17,159.17,159.17,159.2,159.2,159.2,159.2
01/04/2022,10:59,159.1,159.11,159.06,159.1,159.12,159.14,159.08,159.12
01/04/2022,11:00,159.17,159.17,159.05,159.05,159.2,159.2,159.06,159.06
01/04/2022,11:01,159.06,159.07,159.01,159.05,159.08,159.08,159.03,159.06
01/04/2022,11:02,159.11,159.11,159.07,159.09,159.12,159.12,159.08,159.1
01/04/2022,11:03,159.07,159.09,158.98,158.98,159.09,159.09,158.99,158.99
01/04/2022,11:04,158.94,158.96,158.88,158.92,158.96,158.97,158.89,158.93
01/04/2022,11:05,159.08,159.08,159.04,159.05,159.09,159.09,159.06,159.06
01/04/2022,11:06,159.03,159.04,159.01,159.04,159.05,159.05,159.03,159.05
01/04/2022,11:07,159.05,159.07,159.04,159.06,159.06,159.08,159.06,159.08
01/04/2022,11:08,159.07,159.11,159.06,159.07,159.08,159.12,159.08,159.09
01/04/2022,11:09,159.08,159.14,159.08,159.12,159.09,159.17,159.09,159.15
01/04/2022,11:10,159.12,159.13,159.08,159.09,159.14,159.14,159.1,159.1
01/04/2022,11:11,159.07,159.12,159.03,159.06,159.08,159.14,159.06,159.08
01/04/2022,11:12,159.06,159.06,159.06,159.06,159.09,159.09,159.08,159.08
01/04/2022,11:13,159.07,159.08,159.01,159.01,159.09,159.1,159.03,159.03
01/04/2022,11:14,159.1,159.1,159.08,159.08,159.12,159.12,159.11,159.11
01/04/2022,11:15,159.1,159.1,159.1,159.1,159.12,159.13,159.12,159.13
01/04/2022,11:16,159.11,159.11,159.11,159.11,159.13,159.13,159.13,159.13
01/04/2022,11:17,159.15,159.15,159.15,159.15,159.16,159.16,159.16,159.16
01/04/2022,11:18,159.09,159.1,159.09,159.1,159.12,159.12,159.12,159.12
01/04/2022,11:19,159.09,159.09,159.07,159.07,159.11,159.11,159.09,159.09
01/04/2022,11:20,159.07,159.07,159.03,159.03,159.09,159.09,159.05,159.05
01/04/2022,11:22,159.04,159.06,159.04,159.06,159.05,159.08,159.05,159.08
01/04/2022,11:23,159.08,159.08,158.99,158.99,159.1,159.1,159.01,159.01
01/04/2022,11:24,158.99,159.05,158.97,159.05,159.0,159.07,158.98,159.07
01/04/2022,11:25,159.05,159.07,159.03,159.03,159.06,159.08,159.05,159.05
01/04/2022,11:26,159.03,159.05,159.01,159.05,159.04,159.07,159.03,159.07
01/04/2022,11:27,159.06,159.06,159.02,159.04,159.07,159.07,159.03,159.05
01/04/2022,11:28,159.02,159.03,158.99,159.0,159.03,159.04,159.01,159.01
01/04/2022,11:29,159.01,159.13,159.01,159.1,159.02,159.15,159.02,159.12
01/04/2022,11:30,159.09,159.13,159.07,159.12,159.1,159.14,159.09,159.13
01/04/2022,11:31,159.11,159.12,159.06,159.06,159.12,159.14,159.07,159.07
01/04/2022,11:32,159.04,159.05,158.99,158.99,159.06,159.07,159.01,159.01
01/04/2022,11:33,159.03,159.05,159.03,159.03,159.04,159.07,159.04,159.06
01/04/2022,11:34,159.05,159.16,159.05,159.16,159.06,159.19,159.06,159.19
01/04/2022,11:35,159.16,159.16,159.08,159.1,159.17,159.17,159.1,159.11
01/04/2022,11:36,159.08,159.08,159.03,159.03,159.09,159.09,159.05,159.05
01/04/2022,11:37,159.02,159.06,159.02,159.05,159.04,159.08,159.04,159.06
01/04/2022,11:38,159.04,159.11,159.04,159.11,159.07,159.12,159.07,159.12
01/04/2022,11:39,159.13,159.13,159.09,159.09,159.14,159.14,159.1,159.12
01/04/2022,11:40,159.09,159.13,159.09,159.11,159.12,159.14,159.11,159.13
01/04/2022,11:41,159.12,159.14,159.09,159.11,159.13,159.15,159.1,159.12
01/04/2022,11:42,159.1,159.14,159.1,159.1,159.11,159.15,159.11,159.12
01/04/2022,11:43,159.14,159.14,159.12,159.13,159.16,159.16,159.13,159.14
01/04/2022,11:44,159.16,159.17,159.13,159.17,159.17,159.19,159.15,159.19
01/04/2022,11:45,159.16,159.16,159.13,159.13,159.18,159.18,159.14,159.14
01/04/2022,11:46,159.16,159.2,159.16,159.19,159.17,159.21,159.17,159.2
01/04/2022,11:47,159.18,159.22,159.18,159.22,159.2,159.25,159.2,159.25
01/04/2022,11:48,159.22,159.27,159.22,159.26,159.24,159.28,159.24,159.27
01/04/2022,11:49,159.25,159.25,159.21,159.21,159.26,159.27,159.23,159.23
01/04/2022,11:50,159.26,159.29,159.25,159.29,159.28,159.3,159.27,159.3
01/04/2022,11:51,159.3,159.33,159.3,159.33,159.31,159.34,159.31,159.34
01/04/2022,11:52,159.3,159.36,159.28,159.34,159.32,159.37,159.3,159.36
01/04/2022,11:53,159.32,159.35,159.32,159.35,159.35,159.36,159.35,159.36
01/04/2022,11:54,159.38,159.38,159.38,159.38,159.39,159.39,159.39,159.39
01/04/2022,11:55,159.34,159.37,159.34,159.34,159.36,159.38,159.35,159.35
01/04/2022,11:56,159.33,159.33,159.31,159.31,159.34,159.34,159.32,159.33
01/04/2022,11:57,159.31,159.34,159.3,159.32,159.32,159.35,159.31,159.33
01/04/2022,11:58,159.31,159.31,159.28,159.29,159.33,159.33,159.29,159.3
01/04/2022,11:59,159.3,159.3,159.26,159.3,159.31,159.32,159.28,159.32
01/04/2022,12:00,159.25,159.27,159.25,159.27,159.28,159.29,159.28,159.29
01/04/2022,12:01,159.25,159.28,159.24,159.24,159.27,159.3,159.25,159.25
01/04/2022,12:02,159.22,159.25,159.21,159.25,159.24,159.26,159.23,159.26
01/04/2022,12:03,159.21,159.29,159.21,159.29,159.24,159.3,159.24,159.3
01/04/2022,12:04,159.29,159.32,159.29,159.32,159.3,159.33,159.3,159.33
01/04/2022,12:05,159.33,159.34,159.31,159.31,159.34,159.35,159.33,159.33
01/04/2022,12:06,159.29,159.29,159.25,159.27,159.31,159.31,159.26,159.29
01/04/2022,12:07,159.27,159.29,159.27,159.29,159.28,159.3,159.28,159.3
01/04/2022,12:09,159.32,159.32,159.28,159.3,159.33,159.33,159.3,159.31
01/04/2022,12:10,159.27,159.3,159.27,159.3,159.28,159.32,159.28,159.32
01/04/2022,12:11,159.3,159.33,159.29,159.33,159.32,159.34,159.3,159.34
01/04/2022,12:12,159.33,159.34,159.3,159.34,159.34,159.35,159.32,159.35
01/04/2022,12:13,159.31,159.32,159.29,159.3,159.32,159.33,159.3,159.32
01/04/2022,12:14,159.31,159.36,159.31,159.36,159.31,159.37,159.31,159.37
01/04/2022,12:15,159.37,159.39,159.37,159.37,159.39,159.4,159.38,159.38
01/04/2022,12:16,159.37,159.4,159.37,159.4,159.38,159.41,159.38,159.41
01/04/2022,12:17,159.41,159.41,159.4,159.4,159.42,159.42,159.4,159.4
01/04/2022,12:18,159.37,159.39,159.34,159.36,159.38,159.4,159.35,159.37
01/04/2022,12:19,159.35,159.36,159.33,159.35,159.36,159.37,159.35,159.36
01/04/2022,12:20,159.35,159.36,159.34,159.34,159.36,159.37,159.34,159.35
01/04/2022,12:21,159.29,159.31,159.27,159.28,159.3,159.32,159.28,159.29
01/04/2022,12:22,159.27,159.29,159.27,159.29,159.28,159.31,159.28,159.31
01/04/2022,12:23,159.28,159.32,159.26,159.3,159.29,159.33,159.27,159.31
01/04/2022,12:24,159.31,159.32,159.27,159.3,159.32,159.33,159.28,159.31
01/04/2022,12:25,159.28,159.31,159.28,159.3,159.29,159.32,159.29,159.31
01/04/2022,12:26,159.28,159.3,159.28,159.28,159.29,159.31,159.29,159.29
01/04/2022,12:27,159.31,159.31,159.28,159.29,159.32,159.32,159.29,159.3
01/04/2022,12:28,159.29,159.29,159.26,159.28,159.3,159.3,159.27,159.29
01/04/2022,12:29,159.27,159.28,159.25,159.26,159.28,159.29,159.26,159.27
01/04/2022,12:30,159.24,159.25,159.2,159.2,159.26,159.26,159.21,159.21
01/04/2022,12:31,159.21,159.23,159.18,159.2,159.22,159.24,159.19,159.21
01/04/2022,12:32,159.21,159.21,159.17,159.17,159.22,159.22,159.18,159.18
01/04/2022,12:33,159.18,159.2,159.18,159.18,159.19,159.21,159.19,159.19
01/04/2022,12:34,159.18,159.21,159.17,159.21,159.19,159.22,159.18,159.22
01/04/2022,12:35,159.22,159.25,159.22,159.25,159.23,159.26,159.23,159.26
01/04/2022,12:36,159.25,159.25,159.21,159.24,159.26,159.26,159.22,159.25
01/04/2022,12:37,159.24,159.27,159.24,159.27,159.25,159.28,159.25,159.28
01/04/2022,12:38,159.27,159.28,159.27,159.28,159.28,159.29,159.28,159.29
01/04/2022,12:39,159.26,159.27,159.24,159.27,159.27,159.28,159.27,159.28
01/04/2022,12:40,159.28,159.28,159.24,159.24,159.29,159.29,159.25,159.25
01/04/2022,12:41,159.25,159.25,159.25,159.25,159.26,159.26,159.26,159.26
01/04/2022,12:42,159.24,159.24,159.22,159.24,159.25,159.25,159.23,159.25
01/04/2022,12:43,159.23,159.23,159.23,159.23,159.24,159.24,159.24,159.24
01/04/2022,12:44,159.24,159.24,159.23,159.24,159.25,159.25,159.24,159.25
01/04/2022,12:45,159.23,159.23,159.19,159.2,159.24,159.24,159.2,159.21
01/04/2022,12:46,159.21,159.23,159.21,159.23,159.22,159.24,159.22,159.24
01/04/2022,12:47,159.23,159.23,159.23,159.23,159.24,159.24,159.24,159.24
01/04/2022,12:48,159.22,159.22,159.16,159.18,159.23,159.23,159.17,159.19
01/04/2022,12:49,159.15,159.17,159.14,159.14,159.16,159.18,159.15,159.15
01/04/2022,12:50,159.15,159.18,159.15,159.18,159.16,159.19,159.16,159.19
01/04/2022,12:51,159.17,159.22,159.17,159.2,159.18,159.23,159.18,159.21
01/04/2022,12:52,159.19,159.19,159.16,159.16,159.2,159.2,159.17,159.17
01/04/2022,12:53,159.16,159.17,159.13,159.13,159.17,159.18,159.14,159.14
01/04/2022,12:54,159.13,159.16,159.13,159.16,159.14,159.17,159.14,159.17
01/04/2022,12:55,159.16,159.16,159.14,159.14,159.17,159.18,159.16,159.16
01/04/2022,12:56,159.15,159.15,159.09,159.09,159.16,159.16,159.1,159.1
01/04/2022,12:57,159.08,159.12,159.06,159.11,159.09,159.12,159.08,159.12
01/04/2022,12:58,159.1,159.11,159.08,159.11,159.11,159.12,159.1,159.12
01/04/2022,12:59,159.12,159.14,159.11,159.12,159.13,159.14,159.12,159.13
01/04/2022,13:00,159.11,159.11,159.08,159.09,159.12,159.12,159.1,159.1
01/04/2022,13:01,159.09,159.09,159.08,159.09,159.1,159.1,159.09,159.1
01/04/2022,13:02,159.07,159.1,159.05,159.05,159.08,159.11,159.06,159.06
01/04/2022,13:03,159.07,159.09,159.07,159.09,159.09,159.11,159.09,159.11
01/04/2022,13:04,159.09,159.11,159.09,159.11,159.1,159.12,159.1,159.12
01/04/2022,13:05,159.09,159.11,159.09,159.11,159.11,159.12,159.11,159.12
01/04/2022,13:06,159.11,159.11,159.11,159.11,159.12,159.12,159.12,159.12
01/04/2022,13:07,159.1,159.1,159.1,159.1,159.11,159.11,159.11,159.11
01/04/2022,13:08,159.12,159.13,159.1,159.12,159.13,159.14,159.11,159.13
01/04/2022,13:09,159.12,159.14,159.11,159.11,159.13,159.15,159.12,159.12
01/04/2022,13:10,159.1,159.1,159.05,159.06,159.11,159.11,159.06,159.07
01/04/2022,13:11,159.05,159.07,159.05,159.07,159.06,159.08,159.06,159.08
01/04/2022,13:13,159.06,159.07,159.06,159.07,159.07,159.08,159.07,159.08
01/04/2022,13:14,159.06,159.06,159.04,159.05,159.07,159.07,159.06,159.06
01/04/2022,13:15,159.08,159.08,159.06,159.06,159.1,159.1,159.07,159.07
01/04/2022,13:16,159.04,159.04,159.0,159.0,159.05,159.05,159.01,159.01
01/04/2022,13:17,158.99,159.01,158.99,159.0,159.0,159.02,159.0,159.01
01/04/2022,13:18,159.01,159.01,158.97,158.99,159.02,159.02,158.99,159.0
01/04/2022,13:19,159.0,159.02,159.0,159.01,159.01,159.03,159.01,159.02
01/04/2022,13:20,159.03,159.05,159.01,159.05,159.04,159.06,159.02,159.06
01/04/2022,13:21,159.07,159.07,159.06,159.06,159.08,159.08,159.07,159.07
01/04/2022,13:22,159.06,159.06,159.03,159.03,159.07,159.07,159.05,159.05
01/04/2022,13:24,158.99,159.04,158.99,159.02,159.0,159.05,159.0,159.03
01/04/2022,13:25,159.03,159.03,159.03,159.03,159.04,159.04,159.04,159.04
01/04/2022,13:26,159.05,159.06,159.05,159.06,159.06,159.08,159.06,159.08
01/04/2022,13:27,159.07,159.08,159.06,159.06,159.08,159.09,159.07,159.07
01/04/2022,13:29,159.07,159.07,159.05,159.05,159.09,159.09,159.06,159.06
01/04/2022,13:30,159.05,159.05,158.89,158.89,159.06,159.06,158.9,158.9
01/04/2022,13:31,158.87,158.94,158.87,158.93,158.89,158.95,158.89,158.94
01/04/2022,13:32,158.92,158.92,158.92,158.92,158.93,158.93,158.93,158.93
01/04/2022,13:33,158.91,158.91,158.91,158.91,158.92,158.92,158.92,158.92
01/04/2022,13:34,158.86,158.86,158.85,158.85,158.88,158.88,158.86,158.86
01/04/2022,13:35,158.85,158.86,158.84,158.84,158.86,158.88,158.85,158.85
01/04/2022,13:36,158.86,158.87,158.86,158.87,158.87,158.88,158.87,158.88
01/04/2022,13:37,158.87,158.88,158.87,158.88,158.88,158.89,158.88,158.89
01/04/2022,13:38,158.87,158.88,158.85,158.87,158.88,158.89,158.87,158.88
01/04/2022,13:39,158.86,158.92,158.86,158.92,158.87,158.93,158.87,158.93
01/04/2022,13:40,158.89,158.9,158.89,158.9,158.9,158.91,158.9,158.91
01/04/2022,13:41,158.87,158.87,158.86,158.87,158.88,158.88,158.87,158.88
01/04/2022,13:42,158.87,158.87,158.87,158.87,158.88,158.88,158.88,158.88
01/04/2022,13:43,158.89,158.89,158.89,158.89,158.9,158.9,158.9,158.9
01/04/2022,13:44,158.93,158.93,158.92,158.92,158.94,158.94,158.93,158.93
01/04/2022,13:45,158.92,158.92,158.92,158.92,158.93,158.95,158.93,158.95
01/04/2022,13:46,158.92,158.93,158.92,158.93,158.94,158.94,158.94,158.94
01/04/2022,13:47,158.95,158.95,158.94,158.94,158.96,158.96,158.95,158.95
01/04/2022,13:48,158.94,158.94,158.94,158.94,158.95,158.95,158.95,158.95
01/04/2022,13:49,158.93,158.94,158.92,158.92,158.94,158.95,158.94,158.94
01/04/2022,13:50,158.93,158.93,158.91,158.91,158.94,158.94,158.92,158.92
01/04/2022,13:51,158.9,158.9,158.87,158.87,158.92,158.92,158.88,158.89
01/04/2022,13:52,158.85,158.85,158.83,158.83,158.87,158.87,158.85,158.85
01/04/2022,13:53,158.86,158.86,158.82,158.82,158.88,158.88,158.84,158.84
01/04/2022,13:54,158.84,158.84,158.8,158.82,158.85,158.85,158.81,158.84
01/04/2022,13:55,158.8,158.8,158.8,158.8,158.82,158.82,158.82,158.82
01/04/2022,13:57,158.74,158.8,158.74,158.8,158.75,158.81,158.75,158.81
01/04/2022,13:58,158.8,158.8,158.78,158.78,158.81,158.81,158.79,158.79
01/04/2022,13:59,158.78,158.78,158.74,158.77,158.79,158.79,158.75,158.79
01/04/2022,14:00,158.83,158.84,158.83,158.84,158.84,158.85,158.84,158.85
01/04/2022,14:01,158.84,158.87,158.84,158.87,158.85,158.89,158.85,158.89
01/04/2022,14:02,158.89,158.94,158.89,158.93,158.9,158.95,158.9,158.94
01/04/2022,14:03,158.92,158.95,158.9,158.9,158.93,158.96,158.93,158.93
01/04/2022,14:04,158.93,158.96,158.93,158.96,158.94,158.97,158.94,158.97
01/04/2022,14:05,158.93,158.95,158.93,158.95,158.95,158.96,158.95,158.96
01/04/2022,14:06,158.91,158.92,158.91,158.92,158.93,158.94,158.93,158.94
01/04/2022,14:07,158.92,158.92,158.89,158.91,158.94,158.94,158.9,158.92
01/04/2022,14:08,158.91,158.92,158.91,158.92,158.93,158.93,158.93,158.93
01/04/2022,14:09,158.92,158.93,158.92,158.93,158.93,158.94,158.93,158.94
01/04/2022,14:10,158.93,158.96,158.93,158.96,158.94,158.97,158.94,158.97
01/04/2022,14:11,158.97,158.98,158.97,158.98,158.98,158.99,158.98,158.99
01/04/2022,14:12,158.99,159.0,158.98,158.99,159.0,159.01,159.0,159.01
01/04/2022,14:14,158.95,158.99,158.95,158.99,158.96,159.01,158.96,159.01
01/04/2022,14:15,158.99,159.02,158.98,159.02,159.0,159.03,158.99,159.03
01/04/2022,14:16,159.02,159.04,159.02,159.04,159.03,159.05,159.03,159.05
01/04/2022,14:17,159.02,159.02,159.02,159.02,159.04,159.04,159.04,159.04
01/04/2022,14:18,159.04,159.04,159.03,159.03,159.05,159.05,159.04,159.04
01/04/2022,14:19,158.98,159.01,158.97,158.97,159.0,159.02,159.0,159.0
01/04/2022,14:20,159.0,159.01,158.99,159.01,159.01,159.02,159.01,159.02
01/04/2022,14:21,158.99,159.01,158.99,159.01,159.0,159.03,159.0,159.03
01/04/2022,14:22,159.01,159.02,159.01,159.02,159.03,159.04,159.03,159.03
01/04/2022,14:23,159.01,159.04,159.01,159.04,159.02,159.05,159.02,159.05
01/04/2022,14:24,159.03,159.03,159.02,159.03,159.04,159.05,159.04,159.04
01/04/2022,14:25,159.02,159.09,159.02,159.09,159.04,159.1,159.04,159.1
01/04/2022,14:26,159.07,159.08,159.07,159.08,159.09,159.09,159.09,159.09
01/04/2022,14:27,159.07,159.07,159.03,159.05,159.09,159.09,159.06,159.07
01/04/2022,14:28,159.06,159.06,159.03,159.06,159.07,159.07,159.05,159.07
01/04/2022,14:29,159.08,159.08,159.07,159.07,159.1,159.1,159.09,159.09
01/04/2022,14:30,159.1,159.18,159.1,159.17,159.12,159.19,159.12,159.18
01/04/2022,14:31,159.15,159.21,159.15,159.21,159.16,159.22,159.16,159.22
01/04/2022,14:32,159.19,159.24,159.19,159.2,159.2,159.25,159.2,159.23
01/04/2022,14:33,159.2,159.24,159.2,159.2,159.22,159.25,159.21,159.21
01/04/2022,14:34,159.15,159.16,159.15,159.16,159.17,159.18,159.17,159.18
01/04/2022,14:35,159.18,159.18,159.16,159.17,159.19,159.19,159.18,159.19
01/04/2022,14:36,159.16,159.16,159.16,159.16,159.18,159.18,159.17,159.17
01/04/2022,14:37,159.13,159.15,159.13,159.13,159.15,159.16,159.14,159.14
01/04/2022,14:38,159.14,159.15,159.13,159.14,159.15,159.16,159.14,159.16
01/04/2022,14:39,159.13,159.14,159.13,159.14,159.15,159.15,159.14,159.15
01/04/2022,14:41,159.17,159.17,159.17,159.17,159.19,159.19,159.18,159.18
01/04/2022,14:42,159.15,159.17,159.15,159.16,159.17,159.18,159.17,159.17
01/04/2022,14:43,159.16,159.21,159.16,159.21,159.17,159.22,159.17,159.22
01/04/2022,14:44,159.2,159.2,159.18,159.18,159.21,159.21,159.19,159.2
01/04/2022,14:45,159.19,159.21,159.18,159.21,159.2,159.22,159.19,159.22
01/04/2022,14:46,159.22,159.22,159.2,159.22,159.23,159.24,159.22,159.24
01/04/2022,14:47,159.22,159.22,159.18,159.18,159.23,159.23,159.19,159.19
01/04/2022,14:48,159.19,159.21,159.19,159.21,159.2,159.22,159.2,159.22
01/04/2022,14:49,159.22,159.22,159.2,159.2,159.23,159.23,159.21,159.21
01/04/2022,14:50,159.21,159.25,159.21,159.25,159.23,159.26,159.23,159.25
01/04/2022,14:51,159.25,159.25,159.22,159.22,159.27,159.27,159.23,159.23
01/04/2022,14:52,159.21,159.21,159.21,159.21,159.22,159.23,159.22,159.23
01/04/2022,14:53,159.22,159.23,159.21,159.21,159.24,159.24,159.23,159.23
01/04/2022,14:54,159.22,159.22,159.21,159.22,159.23,159.24,159.23,159.23
01/04/2022,14:55,159.21,159.23,159.2,159.22,159.22,159.24,159.21,159.24
01/04/2022,14:56,159.22,159.22,159.19,159.19,159.23,159.23,159.21,159.21
01/04/2022,14:57,159.22,159.23,159.22,159.23,159.24,159.24,159.23,159.24
01/04/2022,14:58,159.23,159.25,159.23,159.25,159.25,159.26,159.25,159.26
01/04/2022,14:59,159.24,159.24,159.22,159.23,159.25,159.25,159.23,159.24
01/04/2022,15:00,159.21,159.23,159.2,159.23,159.23,159.24,159.21,159.24
01/04/2022,15:01,159.22,159.24,159.22,159.24,159.24,159.25,159.24,159.25
01/04/2022,15:02,159.24,159.26,159.23,159.25,159.25,159.27,159.24,159.26
01/04/2022,15:03,159.23,159.23,159.23,159.23,159.24,159.24,159.24,159.24
01/04/2022,15:04,159.22,159.22,159.22,159.22,159.23,159.23,159.23,159.23
01/04/2022,15:05,159.21,159.21,159.21,159.21,159.22,159.22,159.22,159.22
01/04/2022,15:06,159.21,159.25,159.21,159.23,159.23,159.26,159.23,159.24
01/04/2022,15:07,159.24,159.25,159.24,159.25,159.25,159.26,159.25,159.26
01/04/2022,15:08,159.26,159.26,159.22,159.23,159.27,159.27,159.23,159.24
01/04/2022,15:09,159.22,159.22,159.21,159.22,159.23,159.23,159.23,159.23
01/04/2022,15:10,159.25,159.26,159.25,159.26,159.27,159.27,159.26,159.27
01/04/2022,15:11,159.25,159.25,159.23,159.23,159.26,159.26,159.24,159.24
01/04/2022,15:12,159.27,159.27,159.26,159.26,159.28,159.28,159.28,159.28
01/04/2022,15:13,159.26,159.28,159.26,159.28,159.27,159.29,159.27,159.29
01/04/2022,15:14,159.27,159.27,159.24,159.25,159.28,159.28,159.25,159.26
01/04/2022,15:15,159.25,159.28,159.24,159.28,159.26,159.29,159.26,159.29
01/04/2022,15:16,159.28,159.28,159.26,159.26,159.3,159.3,159.27,159.27
01/04/2022,15:17,159.22,159.27,159.22,159.26,159.23,159.29,159.23,159.27
01/04/2022,15:18,159.26,159.26,159.21,159.21,159.27,159.28,159.22,159.22
01/04/2022,15:19,159.22,159.22,159.19,159.21,159.23,159.23,159.2,159.23
01/04/2022,15:20,159.21,159.31,159.21,159.29,159.23,159.32,159.22,159.3
01/04/2022,15:21,159.27,159.27,159.22,159.22,159.28,159.28,159.23,159.23
01/04/2022,15:22,159.23,159.26,159.23,159.24,159.24,159.27,159.24,159.26
01/04/2022,15:23,159.23,159.25,159.23,159.25,159.24,159.26,159.24,159.25
01/04/2022,15:24,159.23,159.25,159.21,159.23,159.25,159.26,159.22,159.24
01/04/2022,15:25,159.26,159.28,159.26,159.26,159.27,159.3,159.27,159.28
01/04/2022,15:26,159.24,159.24,159.21,159.21,159.25,159.25,159.22,159.22
01/04/2022,15:27,159.25,159.26,159.24,159.26,159.26,159.27,159.25,159.27
01/04/2022,15:28,159.25,159.26,159.21,159.25,159.26,159.28,159.22,159.26
01/04/2022,15:29,159.27,159.29,159.23,159.24,159.28,159.3,159.24,159.25
01/04/2022,15:30,159.24,159.24,159.17,159.19,159.25,159.25,159.19,159.2
01/04/2022,15:31,159.19,159.19,159.16,159.19,159.2,159.21,159.17,159.21
01/04/2022,15:32,159.18,159.18,159.14,159.15,159.19,159.19,159.15,159.16
01/04/2022,15:33,159.16,159.2,159.15,159.18,159.17,159.21,159.16,159.19
01/04/2022,15:34,159.17,159.19,159.13,159.14,159.18,159.2,159.15,159.15
01/04/2022,15:35,159.15,159.21,159.15,159.21,159.16,159.22,159.16,159.22
01/04/2022,15:36,159.21,159.22,159.18,159.22,159.22,159.23,159.19,159.23
01/04/2022,15:37,159.23,159.23,159.16,159.16,159.24,159.24,159.17,159.17
01/04/2022,15:38,159.15,159.17,159.12,159.14,159.17,159.18,159.14,159.15
01/04/2022,15:39,159.15,159.16,159.13,159.13,159.16,159.17,159.14,159.14
01/04/2022,15:40,159.13,159.2,159.13,159.2,159.14,159.21,159.14,159.21
01/04/2022,15:41,159.18,159.2,159.17,159.19,159.19,159.21,159.18,159.2
01/04/2022,15:42,159.2,159.25,159.2,159.2,159.21,159.26,159.21,159.21
01/04/2022,15:43,159.22,159.27,159.21,159.23,159.23,159.28,159.22,159.24
01/04/2022,15:44,159.23,159.27,159.22,159.26,159.24,159.28,159.23,159.27
01/04/2022,15:45,159.25,159.32,159.25,159.3,159.26,159.33,159.26,159.31
01/04/2022,15:46,159.3,159.32,159.28,159.32,159.31,159.33,159.29,159.33
01/04/2022,15:47,159.32,159.33,159.28,159.29,159.33,159.34,159.29,159.3
01/04/2022,15:48,159.31,159.32,159.28,159.28,159.32,159.33,159.29,159.29
01/04/2022,15:49,159.27,159.28,159.24,159.25,159.28,159.29,159.25,159.26
01/04/2022,15:50,159.25,159.36,159.25,159.36,159.27,159.37,159.27,159.37
01/04/2022,15:51,159.36,159.36,159.28,159.28,159.37,159.37,159.29,159.29
01/04/2022,15:52,159.28,159.28,159.22,159.22,159.29,159.29,159.23,159.23
01/04/2022,15:53,159.22,159.28,159.21,159.28,159.23,159.29,159.22,159.29
01/04/2022,15:54,159.27,159.3,159.15,159.15,159.28,159.32,159.16,159.16
01/04/2022,15:55,159.15,159.15,159.0,159.0,159.16,159.16,159.01,159.01
01/04/2022,15:56,159.0,159.04,159.0,159.02,159.01,159.05,159.01,159.03
01/04/2022,15:57,159.02,159.05,158.98,159.03,159.03,159.06,158.99,159.05
01/04/2022,15:58,159.03,159.05,159.03,159.04,159.04,159.07,159.04,159.06
01/04/2022,15:59,159.02,159.08,158.94,158.94,159.05,159.11,158.97,158.99
01/04/2022,16:00,158.94,158.94,158.94,158.94,159.0,159.0,159.0,159.0
