01/21/2022,07:56,153.33,153.33,153.33,153.33,153.73,153.73,153.73,153.73
01/21/2022,09:26,152.66,152.66,152.66,152.66,153.58,153.58,153.58,153.58
01/21/2022,09:29,153.76,153.76,153.76,153.76,153.82,153.82,153.82,153.82
01/21/2022,09:30,153.61,153.72,153.42,153.51,153.83,153.83,153.5,153.57
01/21/2022,09:31,153.49,153.5,153.4,153.41,153.57,153.57,153.45,153.48
01/21/2022,09:32,153.35,153.35,153.26,153.29,153.4,153.41,153.32,153.41
01/21/2022,09:33,153.32,153.51,153.32,153.51,153.38,153.58,153.38,153.58
01/21/2022,09:34,153.57,153.65,153.57,153.59,153.63,153.7,153.63,153.65
01/21/2022,09:35,153.6,153.62,153.46,153.46,153.63,153.67,153.54,153.54
01/21/2022,09:36,153.38,153.38,153.24,153.36,153.45,153.45,153.29,153.4
01/21/2022,09:37,153.3,153.46,153.28,153.28,153.34,153.51,153.32,153.32
01/21/2022,09:38,153.28,153.33,153.26,153.3,153.33,153.36,153.31,153.34
01/21/2022,09:39,153.28,153.29,153.21,153.29,153.28,153.31,153.25,153.31
01/21/2022,09:40,153.35,153.35,153.34,153.35,153.37,153.39,153.35,153.39
01/21/2022,09:41,153.27,153.27,153.16,153.27,153.32,153.32,153.21,153.32
01/21/2022,09:42,153.28,153.33,153.28,153.33,153.3,153.37,153.3,153.37
01/21/2022,09:43,153.15,153.15,153.15,153.15,153.18,153.18,153.18,153.18
01/21/2022,09:44,153.09,153.09,153.06,153.06,153.12,153.12,153.1,153.1
01/21/2022,09:45,153.0,153.3,153.0,153.27,153.04,153.33,153.03,153.3
01/21/2022,09:46,153.28,153.51,153.28,153.44,153.31,153.52,153.31,153.48
01/21/2022,09:47,153.45,153.55,153.45,153.49,153.48,153.57,153.48,153.53
01/21/2022,09:48,153.48,153.48,153.43,153.43,153.51,153.52,153.46,153.46
01/21/2022,09:49,153.45,153.48,153.34,153.48,153.48,153.53,153.37,153.53
01/21/2022,09:50,153.5,153.59,153.43,153.47,153.54,153.62,153.47,153.5
01/21/2022,09:51,153.4,153.41,153.29,153.32,153.41,153.42,153.33,153.36
01/21/2022,09:52,153.27,153.4,153.23,153.4,153.3,153.43,153.26,153.43
01/21/2022,09:53,153.33,153.42,153.28,153.42,153.38,153.44,153.32,153.44
01/21/2022,09:54,153.44,153.44,153.35,153.35,153.45,153.46,153.38,153.38
01/21/2022,09:55,153.31,153.39,153.27,153.33,153.35,153.4,153.32,153.36
01/21/2022,09:56,153.21,153.22,153.13,153.19,153.24,153.26,153.16,153.21
01/21/2022,09:57,153.2,153.23,153.2,153.22,153.22,153.26,153.22,153.25
01/21/2022,09:58,153.32,153.32,153.23,153.3,153.35,153.35,153.25,153.31
01/21/2022,09:59,153.31,153.37,153.26,153.34,153.33,153.38,153.29,153.37
01/21/2022,10:00,153.3,153.49,153.29,153.29,153.34,153.49,153.32,153.32
01/21/2022,10:01,153.25,153.25,153.05,153.12,153.29,153.29,153.08,153.13
01/21/2022,10:02,153.09,153.14,153.0,153.04,153.11,153.18,153.04,153.08
01/21/2022,10:04,153.07,153.07,152.97,152.99,153.13,153.13,153.01,153.03
01/21/2022,10:05,153.1,153.12,153.07,153.12,153.17,153.17,153.08,153.16
01/21/2022,10:06,153.26,153.34,153.22,153.24,153.28,153.37,153.26,153.27
01/21/2022,10:07,153.09,153.09,153.09,153.09,153.1,153.1,153.1,153.1
01/21/2022,10:08,153.07,153.07,153.07,153.07,153.1,153.1,153.1,153.1
01/21/2022,10:09,152.99,152.99,152.95,152.98,153.04,153.04,153.0,153.02
01/21/2022,10:10,152.9,152.9,152.87,152.87,152.95,152.95,152.91,152.91
01/21/2022,10:12,152.62,152.67,152.6,152.65,152.66,152.69,152.63,152.67
01/21/2022,10:13,152.66,152.67,152.66,152.67,152.66,152.71,152.66,152.71
01/21/2022,10:14,152.67,152.73,152.67,152.7,152.71,152.76,152.71,152.74
01/21/2022,10:15,152.65,152.78,152.65,152.78,152.71,152.81,152.71,152.81
01/21/2022,10:16,152.72,152.72,152.71,152.71,152.76,152.76,152.74,152.74
01/21/2022,10:17,152.77,152.77,152.75,152.75,152.8,152.8,152.8,152.8
01/21/2022,10:18,152.79,152.86,152.76,152.76,152.8,152.9,152.76,152.76
01/21/2022,10:19,152.7,152.72,152.7,152.72,152.74,152.75,152.73,152.75
01/21/2022,10:20,152.72,152.75,152.63,152.63,152.75,152.77,152.68,152.68
01/21/2022,10:21,152.62,152.62,152.52,152.53,152.66,152.66,152.55,152.57
01/21/2022,10:22,152.48,152.52,152.42,152.52,152.51,152.53,152.46,152.53
01/21/2022,10:23,152.49,152.53,152.47,152.53,152.53,152.57,152.51,152.57
01/21/2022,10:24,152.53,152.84,152.53,152.84,152.56,152.89,152.56,152.89
01/21/2022,10:25,152.87,152.99,152.87,152.92,152.89,153.01,152.89,152.97
01/21/2022,10:26,153.05,153.05,153.04,153.04,153.09,153.09,153.08,153.08
01/21/2022,10:27,153.18,153.27,153.18,153.27,153.22,153.3,153.22,153.3
01/21/2022,10:28,153.21,153.24,153.14,153.14,153.24,153.27,153.18,153.18
01/21/2022,10:29,153.12,153.12,153.12,153.12,153.16,153.16,153.16,153.16
01/21/2022,10:30,152.89,152.89,152.89,152.89,152.92,152.92,152.92,152.92
01/21/2022,10:31,153.21,153.32,153.21,153.32,153.25,153.36,153.25,153.36
01/21/2022,10:32,153.34,153.35,153.34,153.35,153.37,153.39,153.37,153.39
01/21/2022,10:33,153.35,153.48,153.35,153.48,153.38,153.51,153.38,153.51
01/21/2022,10:34,153.53,153.62,153.53,153.62,153.57,153.64,153.57,153.64
01/21/2022,10:35,153.56,153.66,153.54,153.66,153.57,153.69,153.57,153.69
01/21/2022,10:36,153.58,153.58,153.58,153.58,153.62,153.62,153.62,153.62
01/21/2022,10:37,153.72,153.73,153.68,153.68,153.74,153.75,153.7,153.7
01/21/2022,10:38,153.61,153.61,153.47,153.53,153.62,153.63,153.5,153.56
01/21/2022,10:39,153.61,153.61,153.55,153.55,153.62,153.63,153.57,153.57
01/21/2022,10:40,153.26,153.39,153.26,153.31,153.31,153.42,153.29,153.36
01/21/2022,10:41,153.38,153.38,153.1,153.1,153.39,153.42,153.12,153.12
01/21/2022,10:42,153.14,153.33,153.14,153.19,153.18,153.36,153.18,153.23
01/21/2022,10:43,153.25,153.32,153.22,153.22,153.29,153.36,153.25,153.25
01/21/2022,10:44,153.31,153.47,153.31,153.47,153.32,153.51,153.32,153.51
01/21/2022,10:45,153.31,153.31,153.25,153.25,153.33,153.33,153.3,153.3
01/21/2022,10:46,153.26,153.26,153.26,153.26,153.3,153.3,153.3,153.3
01/21/2022,10:47,153.53,153.53,153.5,153.5,153.55,153.55,153.54,153.54
01/21/2022,10:48,153.44,153.63,153.44,153.63,153.47,153.66,153.47,153.66
01/21/2022,10:49,153.68,153.68,153.68,153.68,153.71,153.71,153.71,153.71
01/21/2022,10:50,153.78,154.07,153.78,154.07,153.8,154.1,153.8,154.1
01/21/2022,10:51,154.07,154.13,153.97,154.11,154.1,154.16,154.01,154.14
01/21/2022,10:52,154.05,154.19,154.05,154.16,154.09,154.2,154.09,154.19
01/21/2022,10:53,154.01,154.06,153.99,154.06,154.05,154.09,154.0,154.09
01/21/2022,10:54,154.04,154.05,153.96,153.99,154.07,154.07,154.0,154.01
01/21/2022,10:55,153.84,154.02,153.84,154.02,153.86,154.05,153.86,154.05
01/21/2022,10:56,153.98,154.05,153.98,154.02,154.01,154.08,154.01,154.04
01/21/2022,10:57,153.96,153.99,153.96,153.99,153.97,154.02,153.97,154.02
01/21/2022,10:59,153.82,153.86,153.76,153.86,153.86,153.89,153.79,153.89
01/21/2022,11:00,153.98,153.98,153.9,153.95,154.0,154.0,153.94,153.98
01/21/2022,11:02,153.84,153.84,153.64,153.64,153.86,153.87,153.67,153.67
01/21/2022,11:03,153.77,153.83,153.77,153.83,153.8,153.86,153.8,153.86
01/21/2022,11:05,153.73,153.92,153.73,153.84,153.76,153.93,153.76,153.88
01/21/2022,11:06,153.96,154.02,153.91,154.02,153.99,154.06,153.93,154.06
01/21/2022,11:07,154.12,154.22,154.12,154.22,154.14,154.25,154.14,154.25
01/21/2022,11:08,154.13,154.13,154.0,154.12,154.16,154.16,154.04,154.16
01/21/2022,11:09,154.14,154.14,154.11,154.14,154.18,154.18,154.14,154.17
01/21/2022,11:10,154.11,154.11,153.99,154.0,154.14,154.15,154.03,154.03
01/21/2022,11:11,153.99,154.01,153.89,153.94,154.02,154.05,153.93,153.97
01/21/2022,11:12,154.0,154.0,153.82,153.82,154.03,154.03,153.86,153.86
01/21/2022,11:13,153.84,153.94,153.84,153.89,153.88,153.98,153.88,153.93
01/21/2022,11:14,153.89,153.92,153.85,153.92,153.93,153.94,153.88,153.94
01/21/2022,11:15,153.99,153.99,153.99,153.99,154.03,154.03,154.03,154.03
01/21/2022,11:16,153.89,153.89,153.89,153.89,153.92,153.92,153.92,153.92
01/21/2022,11:17,153.94,154.04,153.92,154.04,153.98,154.04,153.96,154.04
01/21/2022,11:18,154.05,154.05,154.05,154.05,154.08,154.08,154.08,154.08
01/21/2022,11:19,154.03,154.06,154.03,154.06,154.05,154.09,154.05,154.09
01/21/2022,11:20,153.99,154.02,153.99,154.02,154.04,154.06,154.04,154.06
01/21/2022,11:21,154.22,154.23,154.2,154.2,154.26,154.27,154.23,154.23
01/21/2022,11:22,154.2,154.21,154.2,154.21,154.23,154.25,154.23,154.25
01/21/2022,11:23,154.28,154.28,154.28,154.28,154.31,154.31,154.31,154.31
01/21/2022,11:24,154.26,154.26,154.23,154.23,154.29,154.29,154.27,154.27
01/21/2022,11:25,154.07,154.07,154.03,154.03,154.11,154.11,154.07,154.07
01/21/2022,11:26,154.04,154.12,154.04,154.05,154.07,154.16,154.07,154.09
01/21/2022,11:27,154.03,154.09,154.02,154.06,154.07,154.12,154.05,154.1
01/21/2022,11:28,154.09,154.09,154.08,154.09,154.12,154.13,154.12,154.12
01/21/2022,11:29,154.11,154.15,154.11,154.15,154.14,154.18,154.14,154.18
01/21/2022,11:30,154.14,154.14,154.05,154.08,154.17,154.17,154.08,154.11
01/21/2022,11:31,154.07,154.07,153.81,153.81,154.1,154.1,153.85,153.85
01/21/2022,11:32,153.88,154.02,153.88,154.02,153.92,154.05,153.92,154.05
01/21/2022,11:33,154.05,154.05,154.05,154.05,154.07,154.07,154.05,154.05
01/21/2022,11:34,154.04,154.04,154.0,154.0,154.07,154.07,154.01,154.01
01/21/2022,11:35,154.07,154.07,153.96,153.97,154.09,154.09,153.97,153.99
01/21/2022,11:36,153.95,153.98,153.95,153.98,153.95,154.0,153.95,154.0
01/21/2022,11:37,153.92,153.96,153.86,153.86,153.96,153.97,153.9,153.9
01/21/2022,11:38,153.7,153.7,153.61,153.61,153.74,153.74,153.63,153.63
01/21/2022,11:39,153.62,153.63,153.59,153.59,153.66,153.67,153.61,153.61
01/21/2022,11:40,153.59,153.59,153.56,153.56,153.61,153.61,153.59,153.59
01/21/2022,11:41,153.56,153.56,153.54,153.54,153.59,153.59,153.55,153.55
01/21/2022,11:42,153.49,153.52,153.47,153.47,153.51,153.53,153.48,153.49
01/21/2022,11:43,153.56,153.58,153.56,153.56,153.58,153.59,153.58,153.59
01/21/2022,11:44,153.56,153.56,153.56,153.56,153.57,153.57,153.57,153.57
01/21/2022,11:45,153.53,153.53,153.5,153.5,153.55,153.55,153.53,153.53
01/21/2022,11:46,153.6,153.6,153.52,153.52,153.63,153.63,153.55,153.55
01/21/2022,11:47,153.53,153.53,153.34,153.36,153.54,153.54,153.36,153.38
01/21/2022,11:48,153.38,153.4,153.31,153.36,153.38,153.43,153.33,153.36
01/21/2022,11:49,153.34,153.4,153.34,153.4,153.37,153.43,153.37,153.43
01/21/2022,11:50,153.43,153.48,153.43,153.48,153.46,153.51,153.46,153.51
01/21/2022,11:51,153.52,153.52,153.43,153.43,153.54,153.54,153.43,153.43
01/21/2022,11:52,153.38,153.39,153.35,153.35,153.41,153.43,153.36,153.39
01/21/2022,11:53,153.39,153.39,153.22,153.22,153.4,153.4,153.26,153.26
01/21/2022,11:54,153.26,153.26,153.19,153.22,153.27,153.28,153.22,153.24
01/21/2022,11:55,153.23,153.31,153.23,153.31,153.26,153.32,153.26,153.32
01/21/2022,11:56,153.27,153.32,153.27,153.32,153.3,153.35,153.3,153.35
01/21/2022,11:57,153.34,153.39,153.32,153.38,153.37,153.4,153.33,153.4
01/21/2022,11:58,153.32,153.37,153.32,153.37,153.36,153.4,153.35,153.4
01/21/2022,11:59,153.41,153.43,153.41,153.43,153.44,153.47,153.44,153.47
01/21/2022,12:00,153.41,153.41,153.3,153.3,153.44,153.44,153.33,153.33
01/21/2022,12:01,153.36,153.36,153.35,153.35,153.39,153.39,153.38,153.38
01/21/2022,12:03,153.06,153.06,153.06,153.06,153.1,153.1,153.1,153.1
01/21/2022,12:04,153.19,153.22,153.17,153.17,153.22,153.24,153.2,153.2
01/21/2022,12:05,153.21,153.21,153.13,153.21,153.23,153.23,153.18,153.21
01/21/2022,12:06,153.23,153.37,153.23,153.37,153.25,153.41,153.25,153.41
01/21/2022,12:07,153.34,153.34,153.29,153.33,153.38,153.38,153.32,153.35
01/21/2022,12:08,153.37,153.37,153.32,153.32,153.38,153.38,153.35,153.35
01/21/2022,12:09,153.31,153.31,153.23,153.23,153.32,153.32,153.25,153.26
01/21/2022,12:10,153.17,153.17,153.17,153.17,153.19,153.19,153.19,153.19
01/21/2022,12:11,153.08,153.21,153.08,153.21,153.12,153.26,153.12,153.26
01/21/2022,12:12,153.13,153.2,153.02,153.03,153.16,153.2,153.04,153.04
01/21/2022,12:13,153.11,153.18,153.08,153.18,153.14,153.2,153.11,153.2
01/21/2022,12:14,153.13,153.18,153.1,153.14,153.14,153.19,153.13,153.18
01/21/2022,12:15,153.19,153.19,153.19,153.19,153.2,153.2,153.2,153.2
01/21/2022,12:17,153.16,153.16,153.05,153.05,153.19,153.19,153.08,153.08
01/21/2022,12:18,153.04,153.18,153.04,153.15,153.05,153.19,153.05,153.16
01/21/2022,12:20,153.11,153.11,153.06,153.06,153.12,153.12,153.08,153.08
01/21/2022,12:21,153.06,153.09,153.05,153.09,153.09,153.11,153.08,153.11
01/21/2022,12:22,153.1,153.1,153.1,153.1,153.13,153.13,153.13,153.13
01/21/2022,12:23,153.23,153.23,153.16,153.18,153.23,153.24,153.2,153.21
01/21/2022,12:24,153.21,153.26,153.2,153.26,153.23,153.3,153.23,153.3
01/21/2022,12:25,153.33,153.34,153.33,153.34,153.35,153.37,153.35,153.37
01/21/2022,12:26,153.34,153.34,153.26,153.27,153.36,153.36,153.3,153.3
01/21/2022,12:27,153.26,153.27,153.24,153.27,153.28,153.3,153.27,153.29
01/21/2022,12:28,153.26,153.31,153.26,153.27,153.29,153.34,153.29,153.31
01/21/2022,12:29,153.24,153.25,153.2,153.24,153.25,153.28,153.22,153.28
01/21/2022,12:30,153.21,153.21,153.12,153.12,153.25,153.25,153.14,153.14
01/21/2022,12:31,153.1,153.23,153.1,153.2,153.11,153.24,153.11,153.23
01/21/2022,12:32,153.19,153.26,153.15,153.2,153.21,153.29,153.18,153.23
01/21/2022,12:33,153.23,153.23,153.15,153.16,153.25,153.26,153.18,153.2
01/21/2022,12:34,153.17,153.17,153.15,153.15,153.18,153.18,153.17,153.18
01/21/2022,12:35,153.27,153.32,153.27,153.31,153.29,153.36,153.29,153.34
01/21/2022,12:36,153.19,153.19,153.0,153.0,153.22,153.22,153.02,153.02
01/21/2022,12:37,153.01,153.01,152.94,153.0,153.02,153.02,152.95,153.02
01/21/2022,12:38,152.99,153.07,152.99,153.06,153.03,153.1,153.03,153.09
01/21/2022,12:39,153.09,153.15,153.09,153.14,153.11,153.19,153.11,153.18
01/21/2022,12:40,153.12,153.23,153.12,153.2,153.15,153.25,153.15,153.24
01/21/2022,12:41,153.24,153.25,153.16,153.16,153.27,153.28,153.19,153.19
01/21/2022,12:42,153.17,153.19,153.12,153.12,153.21,153.21,153.13,153.13
01/21/2022,12:43,153.09,153.17,153.06,153.11,153.12,153.19,153.09,153.15
01/21/2022,12:44,153.08,153.08,153.03,153.04,153.12,153.12,153.04,153.07
01/21/2022,12:45,153.04,153.11,153.04,153.08,153.07,153.14,153.07,153.09
01/21/2022,12:46,153.17,153.17,153.06,153.06,153.18,153.2,153.08,153.08
01/21/2022,12:47,152.98,153.02,152.98,153.02,153.02,153.06,153.02,153.06
01/21/2022,12:48,153.07,153.07,152.98,152.98,153.11,153.11,153.01,153.01
01/21/2022,12:49,152.96,152.96,152.85,152.85,152.99,152.99,152.87,152.9
01/21/2022,12:50,152.82,152.83,152.78,152.81,152.86,152.86,152.8,152.83
01/21/2022,12:51,152.86,152.87,152.85,152.85,152.89,152.91,152.88,152.88
01/21/2022,12:52,152.84,152.95,152.84,152.91,152.87,152.97,152.87,152.95
01/21/2022,12:53,152.93,152.99,152.93,152.93,152.96,153.01,152.96,152.96
01/21/2022,12:54,152.9,152.92,152.84,152.84,152.93,152.95,152.87,152.87
01/21/2022,12:55,152.81,152.81,152.76,152.78,152.84,152.84,152.8,152.81
01/21/2022,12:56,152.78,152.8,152.74,152.79,152.81,152.83,152.77,152.82
01/21/2022,12:57,152.8,152.89,152.8,152.89,152.83,152.92,152.83,152.92
01/21/2022,12:58,152.85,152.95,152.85,152.94,152.89,152.98,152.89,152.97
01/21/2022,12:59,152.92,152.92,152.85,152.85,152.95,152.95,152.88,152.88
01/21/2022,13:00,152.94,153.02,152.94,152.99,152.97,153.04,152.97,153.01
01/21/2022,13:01,153.02,153.02,152.94,152.94,153.05,153.05,152.96,152.96
01/21/2022,13:02,152.87,152.89,152.84,152.89,152.87,152.92,152.86,152.92
01/21/2022,13:03,152.85,152.85,152.85,152.85,152.86,152.86,152.86,152.86
01/21/2022,13:04,152.8,152.81,152.8,152.81,152.84,152.84,152.82,152.84
01/21/2022,13:05,152.86,152.87,152.85,152.87,152.9,152.9,152.88,152.88
01/21/2022,13:06,152.85,152.91,152.85,152.91,152.89,152.95,152.89,152.95
01/21/2022,13:07,152.86,152.88,152.79,152.84,152.9,152.9,152.82,152.86
01/21/2022,13:08,152.92,152.92,152.86,152.86,152.96,152.96,152.89,152.89
01/21/2022,13:09,152.81,152.83,152.81,152.83,152.85,152.85,152.85,152.85
01/21/2022,13:10,152.85,152.85,152.85,152.85,152.88,152.88,152.88,152.88
01/21/2022,13:11,153.03,153.13,153.03,153.12,153.06,153.17,153.06,153.16
01/21/2022,13:12,153.11,153.2,153.11,153.19,153.13,153.22,153.13,153.21
01/21/2022,13:13,153.16,153.16,153.16,153.16,153.19,153.19,153.19,153.19
01/21/2022,13:14,153.15,153.22,153.15,153.22,153.17,153.25,153.17,153.25
01/21/2022,13:15,153.21,153.21,153.07,153.12,153.24,153.24,153.09,153.15
01/21/2022,13:16,153.12,153.12,153.02,153.02,153.15,153.16,153.05,153.05
01/21/2022,13:17,153.02,153.02,153.02,153.02,153.05,153.05,153.05,153.05
01/21/2022,13:18,152.97,152.97,152.89,152.89,153.0,153.0,152.92,152.92
01/21/2022,13:19,152.83,152.83,152.81,152.81,152.87,152.87,152.85,152.85
01/21/2022,13:20,152.78,152.78,152.77,152.77,152.82,152.82,152.8,152.8
01/21/2022,13:21,152.73,152.73,152.62,152.62,152.75,152.75,152.63,152.63
01/21/2022,13:22,152.63,152.63,152.59,152.61,152.65,152.65,152.62,152.63
01/21/2022,13:23,152.66,152.68,152.58,152.58,152.68,152.7,152.6,152.6
01/21/2022,13:24,152.58,152.61,152.55,152.6,152.59,152.63,152.57,152.61
01/21/2022,13:25,152.6,152.6,152.53,152.55,152.62,152.62,152.57,152.58
01/21/2022,13:26,152.61,152.65,152.6,152.65,152.64,152.66,152.63,152.66
01/21/2022,13:27,152.63,152.63,152.61,152.61,152.65,152.65,152.64,152.64
01/21/2022,13:28,152.72,152.78,152.72,152.77,152.76,152.79,152.76,152.78
01/21/2022,13:29,152.7,152.7,152.66,152.66,152.72,152.72,152.68,152.69
01/21/2022,13:30,152.67,152.84,152.63,152.83,152.7,152.86,152.65,152.85
01/21/2022,13:31,152.89,152.89,152.72,152.72,152.92,152.92,152.74,152.74
01/21/2022,13:32,152.74,152.82,152.73,152.79,152.76,152.85,152.74,152.83
01/21/2022,13:33,152.79,152.82,152.78,152.82,152.81,152.84,152.81,152.84
01/21/2022,13:34,152.89,152.89,152.87,152.87,152.91,152.91,152.9,152.9
01/21/2022,13:36,152.76,152.76,152.76,152.76,152.79,152.79,152.79,152.79
01/21/2022,13:37,152.8,152.9,152.8,152.9,152.83,152.92,152.83,152.92
01/21/2022,13:38,152.9,153.07,152.9,153.07,152.94,153.1,152.94,153.1
01/21/2022,13:39,153.05,153.07,152.95,152.96,153.07,153.09,152.97,152.99
01/21/2022,13:40,152.98,152.99,152.92,152.93,152.99,153.0,152.95,152.95
01/21/2022,13:41,153.06,153.07,153.03,153.05,153.08,153.09,153.05,153.08
01/21/2022,13:42,153.1,153.1,153.04,153.08,153.12,153.12,153.06,153.11
01/21/2022,13:43,153.08,153.08,153.08,153.08,153.12,153.12,153.12,153.12
01/21/2022,13:45,153.01,153.02,153.01,153.02,153.02,153.05,153.02,153.05
01/21/2022,13:46,152.97,153.0,152.9,152.93,153.01,153.02,152.94,152.96
01/21/2022,13:47,152.84,152.85,152.84,152.85,152.88,152.89,152.88,152.89
01/21/2022,13:48,152.81,152.81,152.81,152.81,152.84,152.84,152.84,152.84
01/21/2022,13:49,152.89,152.95,152.89,152.94,152.91,152.97,152.91,152.97
01/21/2022,13:50,152.96,153.11,152.96,153.03,152.98,153.15,152.98,153.05
01/21/2022,13:51,152.99,152.99,152.92,152.92,153.03,153.03,152.95,152.95
01/21/2022,13:52,152.93,152.94,152.93,152.93,152.95,152.97,152.95,152.96
01/21/2022,13:53,152.98,152.98,152.95,152.95,153.03,153.03,152.97,152.97
01/21/2022,13:54,152.98,152.98,152.97,152.97,153.01,153.01,153.0,153.0
01/21/2022,13:55,152.94,152.96,152.94,152.94,152.96,153.02,152.96,153.0
01/21/2022,13:56,152.87,152.87,152.81,152.84,152.9,152.9,152.84,152.88
01/21/2022,13:57,152.83,152.88,152.83,152.88,152.85,152.9,152.85,152.9
01/21/2022,13:58,152.83,152.83,152.68,152.68,152.87,152.87,152.7,152.7
01/21/2022,13:59,152.68,152.69,152.6,152.69,152.72,152.73,152.62,152.73
01/21/2022,14:00,152.71,152.77,152.7,152.75,152.71,152.8,152.71,152.79
01/21/2022,14:01,152.76,152.76,152.65,152.66,152.8,152.8,152.69,152.69
01/21/2022,14:02,152.67,152.68,152.65,152.68,152.68,152.73,152.67,152.73
01/21/2022,14:03,152.71,152.75,152.67,152.7,152.73,152.76,152.69,152.73
01/21/2022,14:04,152.78,152.78,152.74,152.76,152.82,152.82,152.78,152.8
01/21/2022,14:05,152.83,152.84,152.83,152.84,152.85,152.88,152.85,152.88
01/21/2022,14:06,152.91,152.95,152.9,152.91,152.94,152.98,152.94,152.94
01/21/2022,14:07,152.79,152.79,152.78,152.78,152.83,152.83,152.79,152.81
01/21/2022,14:08,152.78,152.79,152.72,152.73,152.8,152.81,152.73,152.75
01/21/2022,14:09,152.73,152.78,152.69,152.71,152.75,152.79,152.71,152.72
01/21/2022,14:10,152.72,152.79,152.72,152.72,152.75,152.8,152.74,152.74
01/21/2022,14:11,152.74,152.76,152.68,152.71,152.75,152.77,152.69,152.72
01/21/2022,14:12,152.71,152.71,152.65,152.66,152.72,152.72,152.66,152.67
01/21/2022,14:13,152.69,152.78,152.66,152.78,152.71,152.79,152.67,152.79
01/21/2022,14:14,152.8,152.82,152.69,152.75,152.81,152.83,152.7,152.76
01/21/2022,14:15,152.75,152.86,152.72,152.84,152.76,152.89,152.73,152.85
01/21/2022,14:16,152.84,152.84,152.71,152.73,152.85,152.85,152.73,152.75
01/21/2022,14:17,152.69,152.73,152.68,152.73,152.7,152.74,152.69,152.74
01/21/2022,14:18,152.75,152.75,152.71,152.71,152.77,152.77,152.72,152.72
01/21/2022,14:19,152.76,152.76,152.68,152.68,152.77,152.77,152.71,152.71
01/21/2022,14:20,152.69,152.7,152.6,152.69,152.7,152.73,152.63,152.7
01/21/2022,14:21,152.74,152.76,152.69,152.69,152.75,152.77,152.7,152.71
01/21/2022,14:22,152.7,152.7,152.67,152.7,152.73,152.73,152.68,152.7
01/21/2022,14:23,152.71,152.74,152.7,152.73,152.72,152.76,152.72,152.74
01/21/2022,14:24,152.77,152.9,152.77,152.86,152.8,152.91,152.8,152.88
01/21/2022,14:25,152.86,152.86,152.73,152.74,152.87,152.87,152.74,152.75
01/21/2022,14:26,152.69,152.69,152.57,152.6,152.72,152.72,152.6,152.62
01/21/2022,14:27,152.6,152.6,152.57,152.59,152.63,152.63,152.58,152.62
01/21/2022,14:28,152.58,152.58,152.48,152.52,152.6,152.6,152.5,152.55
01/21/2022,14:29,152.52,152.52,152.45,152.48,152.53,152.53,152.46,152.48
01/21/2022,14:30,152.46,152.47,152.41,152.47,152.49,152.49,152.43,152.48
01/21/2022,14:31,152.51,152.53,152.5,152.52,152.53,152.56,152.51,152.53
01/21/2022,14:32,152.5,152.52,152.48,152.52,152.51,152.54,152.49,152.54
01/21/2022,14:33,152.52,152.57,152.52,152.57,152.54,152.59,152.54,152.59
01/21/2022,14:34,152.55,152.55,152.53,152.54,152.58,152.58,152.54,152.55
01/21/2022,14:35,152.51,152.51,152.43,152.45,152.52,152.52,152.45,152.46
01/21/2022,14:36,152.46,152.51,152.46,152.5,152.49,152.52,152.49,152.52
01/21/2022,14:37,152.56,152.61,152.51,152.51,152.57,152.63,152.54,152.54
01/21/2022,14:38,152.59,152.63,152.59,152.61,152.61,152.65,152.61,152.62
01/21/2022,14:39,152.56,152.62,152.56,152.61,152.57,152.64,152.57,152.64
01/21/2022,14:40,152.6,152.69,152.59,152.63,152.61,152.71,152.6,152.65
01/21/2022,14:41,152.62,152.62,152.57,152.57,152.65,152.66,152.57,152.57
01/21/2022,14:42,152.58,152.58,152.48,152.56,152.6,152.6,152.5,152.57
01/21/2022,14:43,152.55,152.58,152.51,152.51,152.56,152.6,152.53,152.53
01/21/2022,14:44,152.52,152.52,152.47,152.48,152.53,152.53,152.49,152.49
01/21/2022,14:45,152.51,152.51,152.51,152.51,152.54,152.54,152.54,152.54
01/21/2022,14:46,152.47,152.55,152.47,152.51,152.5,152.56,152.5,152.53
01/21/2022,14:47,152.5,152.52,152.5,152.51,152.53,152.55,152.53,152.54
01/21/2022,14:48,152.45,152.45,152.44,152.44,152.46,152.46,152.45,152.45
01/21/2022,14:49,152.43,152.5,152.43,152.49,152.46,152.52,152.46,152.52
01/21/2022,14:50,152.49,152.5,152.46,152.46,152.51,152.51,152.48,152.48
01/21/2022,14:51,152.4,152.4,152.35,152.35,152.43,152.43,152.38,152.38
01/21/2022,14:52,152.34,152.34,152.29,152.29,152.35,152.35,152.32,152.32
01/21/2022,14:53,152.38,152.38,152.37,152.37,152.41,152.41,152.39,152.39
01/21/2022,14:54,152.39,152.39,152.37,152.37,152.41,152.41,152.38,152.39
01/21/2022,14:55,152.33,152.37,152.33,152.37,152.36,152.38,152.36,152.38
01/21/2022,14:56,152.35,152.36,152.3,152.3,152.38,152.39,152.31,152.33
01/21/2022,14:57,152.3,152.3,152.15,152.18,152.32,152.32,152.19,152.21
01/21/2022,14:58,152.16,152.16,152.12,152.12,152.19,152.19,152.14,152.14
01/21/2022,14:59,152.06,152.06,152.04,152.04,152.09,152.09,152.07,152.07
01/21/2022,15:00,152.01,152.1,152.01,152.1,152.02,152.12,152.02,152.12
01/21/2022,15:01,152.14,152.14,152.14,152.14,152.16,152.16,152.16,152.16
01/21/2022,15:02,152.16,152.19,152.16,152.17,152.19,152.22,152.19,152.19
01/21/2022,15:03,152.18,152.18,152.05,152.09,152.2,152.2,152.09,152.11
01/21/2022,15:04,152.11,152.11,152.02,152.02,152.12,152.12,152.05,152.05
01/21/2022,15:05,152.04,152.06,152.02,152.02,152.05,152.08,152.05,152.05
01/21/2022,15:06,152.0,152.0,151.95,151.95,152.03,152.03,151.97,151.97
01/21/2022,15:07,151.95,151.95,151.9,151.9,151.96,151.96,151.92,151.92
01/21/2022,15:08,151.88,151.88,151.75,151.75,151.9,151.9,151.78,151.78
01/21/2022,15:09,151.77,151.84,151.76,151.84,151.79,151.86,151.77,151.86
01/21/2022,15:10,151.78,151.82,151.72,151.79,151.81,151.84,151.76,151.82
01/21/2022,15:11,151.85,151.85,151.7,151.71,151.88,151.88,151.74,151.74
01/21/2022,15:12,151.71,151.71,151.71,151.71,151.72,151.72,151.72,151.72
01/21/2022,15:13,151.75,151.83,151.69,151.83,151.77,151.86,151.72,151.86
01/21/2022,15:14,151.82,151.84,151.82,151.84,151.84,151.87,151.84,151.87
01/21/2022,15:15,151.78,151.78,151.7,151.7,151.81,151.81,151.74,151.74
01/21/2022,15:16,151.77,152.0,151.77,152.0,151.78,152.0,151.78,152.0
01/21/2022,15:17,152.02,152.14,151.98,152.14,152.05,152.16,152.0,152.16
01/21/2022,15:18,152.14,152.17,152.11,152.17,152.16,152.19,152.13,152.19
01/21/2022,15:19,152.1,152.11,152.03,152.03,152.13,152.13,152.05,152.05
01/21/2022,15:20,151.96,152.01,151.81,151.81,152.0,152.02,151.82,151.83
01/21/2022,15:21,151.88,151.9,151.82,151.83,151.91,151.91,151.84,151.85
01/21/2022,15:22,151.88,151.9,151.76,151.82,151.9,151.92,151.79,151.83
01/21/2022,15:23,151.81,151.98,151.81,151.89,151.83,152.0,151.83,151.9
01/21/2022,15:24,151.84,151.96,151.84,151.86,151.88,151.98,151.85,151.86
01/21/2022,15:25,151.87,151.87,151.72,151.72,151.9,151.9,151.75,151.75
01/21/2022,15:26,151.71,151.79,151.69,151.69,151.74,151.8,151.71,151.71
01/21/2022,15:27,151.71,151.73,151.61,151.62,151.74,151.74,151.64,151.65
01/21/2022,15:28,151.64,151.7,151.5,151.52,151.67,151.71,151.53,151.55
01/21/2022,15:29,151.53,151.63,151.53,151.63,151.56,151.67,151.56,151.66
01/21/2022,15:30,151.67,151.75,151.67,151.72,151.69,151.77,151.69,151.74
01/21/2022,15:31,151.73,151.73,151.65,151.65,151.75,151.75,151.68,151.68
01/21/2022,15:32,151.71,151.83,151.71,151.81,151.73,151.88,151.73,151.83
01/21/2022,15:33,151.77,151.77,151.66,151.73,151.8,151.8,151.7,151.76
01/21/2022,15:34,151.74,151.87,151.74,151.79,151.77,151.9,151.77,151.8
01/21/2022,15:35,151.75,151.87,151.75,151.84,151.78,151.9,151.78,151.87
01/21/2022,15:36,151.93,151.93,151.72,151.8,151.93,151.93,151.75,151.82
01/21/2022,15:37,151.78,151.81,151.75,151.77,151.81,151.83,151.77,151.78
01/21/2022,15:38,151.74,151.89,151.74,151.8,151.78,151.92,151.78,151.83
01/21/2022,15:39,151.86,151.98,151.86,151.98,151.89,152.01,151.89,152.01
01/21/2022,15:40,152.06,152.26,152.05,152.26,152.08,152.29,152.06,152.29
01/21/2022,15:41,152.26,152.26,152.13,152.24,152.28,152.29,152.17,152.26
01/21/2022,15:42,152.21,152.29,152.21,152.27,152.23,152.31,152.23,152.28
01/21/2022,15:43,152.29,152.38,152.27,152.3,152.32,152.41,152.3,152.33
01/21/2022,15:44,152.3,152.3,152.07,152.08,152.31,152.32,152.11,152.11
01/21/2022,15:45,152.05,152.09,151.93,152.0,152.09,152.11,151.96,152.02
01/21/2022,15:46,151.95,152.08,151.95,152.01,151.98,152.1,151.98,152.03
01/21/2022,15:47,152.06,152.18,152.06,152.14,152.09,152.19,152.09,152.17
01/21/2022,15:48,152.13,152.33,152.13,152.21,152.15,152.35,152.15,152.23
01/21/2022,15:49,152.29,152.31,152.23,152.23,152.3,152.34,152.26,152.26
01/21/2022,15:50,152.23,152.23,151.89,152.01,152.27,152.27,151.93,152.02
01/21/2022,15:51,152.01,152.23,151.97,152.09,152.02,152.25,151.99,152.11
01/21/2022,15:52,152.04,152.05,151.88,151.88,152.07,152.08,151.89,151.9
01/21/2022,15:53,151.9,151.92,151.9,151.9,151.92,151.94,151.91,151.91
01/21/2022,15:54,151.9,151.9,151.79,151.83,151.92,151.93,151.83,151.85
01/21/2022,15:55,151.82,151.97,151.82,151.93,151.85,152.0,151.85,151.94
01/21/2022,15:56,151.92,151.92,151.78,151.78,151.94,151.94,151.79,151.79
01/21/2022,15:57,151.84,152.1,151.84,152.06,151.85,152.11,151.85,152.07
01/21/2022,15:58,152.12,152.2,152.12,152.17,152.14,152.22,152.13,152.2
01/21/2022,15:59,152.2,152.2,151.76,151.76,152.23,152.23,151.82,151.82
01/21/2022,16:00,151.74,151.74,151.74,151.74,151.78,151.78,151.78,151.78
01/21/2022,16:26,150.97,150.97,150.97,150.97,152.02,152.02,152.02,152.02
